0.000135, -0.047847, -0.141785
1.3E-05, -0.048345, -0.142362
-0.000137, -0.048689, -0.142664
-0.000137, -0.048689, -0.142664
-0.000339, -0.048581, -0.143112
-0.000534, -0.048578, -0.143749
-0.000958, -0.048441, -0.144397
-0.001487, -0.047962, -0.144804
-0.001487, -0.047962, -0.144804
-0.001866, -0.047689, -0.144908
-0.002244, -0.047613, -0.1451
-0.002374, -0.047349, -0.145496
-0.00216, -0.047024, -0.144318
-0.00216, -0.047024, -0.144318
-0.002138, -0.046653, -0.14223
-0.00212, -0.046567, -0.142562
-0.001777, -0.046282, -0.141443
-0.001231, -0.045882, -0.139538
-0.001231, -0.045882, -0.139538
-0.000824, -0.04555, -0.139146
-0.000634, -0.045157, -0.139398
-0.000425, -0.044791, -0.140485
-0.000421, -0.044641, -0.141787
-0.000421, -0.044641, -0.141787
-0.000647, -0.044444, -0.141812
-0.001179, -0.044285, -0.141524
-0.001702, -0.043969, -0.141597
-0.002062, -0.043558, -0.141603
-0.002062, -0.043558, -0.141603
-0.002291, -0.043488, -0.141467
-0.002592, -0.043556, -0.141493
-0.002958, -0.043367, -0.143957
-0.003239, -0.043114, -0.145883
-0.003239, -0.043114, -0.145883
-0.003391, -0.043071, -0.146805
-0.003502, -0.042967, -0.146988
-0.003656, -0.04295, -0.145446
-0.003642, -0.043042, -0.142476
-0.003642, -0.043042, -0.142476
-0.003322, -0.043298, -0.140421
-0.0029, -0.043487, -0.140613
-0.002493, -0.04343, -0.139285
-0.002493, -0.04343, -0.139285
-0.001902, -0.04316, -0.137763
-0.001519, -0.042981, -0.138138
-0.001212, -0.043001, -0.138878
-0.000695, -0.042819, -0.14027
-0.000695, -0.042819, -0.14027
-0.000141, -0.0425, -0.143349
0.00038, -0.04261, -0.145057
0.000894, -0.042652, -0.144908
0.001111, -0.042365, -0.145622
0.001111, -0.042365, -0.145622
0.001154, -0.041692, -0.146016
0.001419, -0.041404, -0.146121
0.001492, -0.040491, -0.146819
0.001344, -0.039455, -0.147481
0.000872, -0.038243, -0.147745
0.000872, -0.038243, -0.147745
0.000693, -0.037361, -0.14762
0.001081, -0.037046, -0.147536
0.001324, -0.037461, -0.147718
0.001324, -0.037461, -0.147718
0.00168, -0.037624, -0.14783
0.002318, -0.037135, -0.148025
0.003324, -0.03557, -0.148185
0.004244, -0.033319, -0.148201
0.004244, -0.033319, -0.148201
0.004924, -0.031635, -0.148074
0.005376, -0.030767, -0.148248
0.005889, -0.030044, -0.148518
0.006975, -0.029457, -0.1488
0.006975, -0.029457, -0.1488
0.008421, -0.028234, -0.149236
0.009144, -0.026492, -0.149251
0.009144, -0.026492, -0.149251
0.008858, -0.024807, -0.148646
0.008698, -0.02358, -0.148022
0.009057, -0.022558, -0.147159
0.009632, -0.021013, -0.146226
0.010206, -0.019225, -0.145728
0.010206, -0.019225, -0.145728
0.010668, -0.018143, -0.144929
0.011245, -0.017713, -0.143614
0.012601, -0.017258, -0.142024
0.01493, -0.016214, -0.140309
0.01493, -0.016214, -0.140309
0.016987, -0.01441, -0.138317
0.016868, -0.012734, -0.136858
0.016019, -0.011608, -0.136026
0.015852, -0.01082, -0.135423
0.015852, -0.01082, -0.135423
0.015826, -0.009414, -0.134854
0.015439, -0.007396, -0.134366
0.014835, -0.004859, -0.134045
0.014517, -0.003206, -0.133571
0.014517, -0.003206, -0.133571
0.014364, -0.002121, -0.133166
0.013949, -0.000728, -0.133049
0.013124, 0.000561, -0.13337
0.012647, 0.00143, -0.133593
0.012647, 0.00143, -0.133593
0.01285, 0.002693, -0.133796
0.013141, 0.004381, -0.134316
0.011927, 0.006272, -0.135265
0.009472, 0.008255, -0.136401
0.009472, 0.008255, -0.136401
0.008412, 0.009323, -0.138021
0.009067, 0.010176, -0.139903
0.009973, 0.010674, -0.141263
0.010514, 0.011091, -0.142254
0.011405, 0.01107, -0.142807
0.011405, 0.01107, -0.142807
0.013209, 0.012046, -0.143848
0.01518, 0.013698, -0.145301
0.017602, 0.015513, -0.146897
0.017602, 0.015513, -0.146897
0.018251, 0.016609, -0.148062
0.016846, 0.017408, -0.148144
0.016253, 0.019122, -0.148673
0.015695, 0.021562, -0.149963
0.015695, 0.021562, -0.149963
0.014542, 0.025983, -0.151627
0.013025, 0.030629, -0.152757
0.012031, 0.034454, -0.152849
0.011849, 0.038399, -0.152805
0.011849, 0.038399, -0.152805
0.012195, 0.043039, -0.152587
0.013365, 0.049192, -0.151761
0.014846, 0.05787, -0.150076
0.016957, 0.068099, -0.147551
0.016957, 0.068099, -0.147551
0.019354, 0.076848, -0.144296
0.021214, 0.080549, -0.14107
0.022412, 0.080501, -0.137605
0.023658, 0.080596, -0.133515
0.023658, 0.080596, -0.133515
0.025184, 0.082938, -0.129003
0.026068, 0.088975, -0.125848
0.025487, 0.095923, -0.124291
0.025487, 0.095923, -0.124291
0.023928, 0.10214, -0.123099
0.02162, 0.105711, -0.121915
0.020079, 0.109635, -0.120376
0.020839, 0.114959, -0.118203
0.020839, 0.114959, -0.118203
0.023061, 0.120126, -0.116602
0.02508, 0.127497, -0.116422
0.026017, 0.137234, -0.116956
0.025663, 0.150845, -0.117693
0.025663, 0.150845, -0.117693
0.025744, 0.165323, -0.118485
0.026284, 0.176802, -0.119474
0.026748, 0.1851, -0.117926
0.028164, 0.191761, -0.112517
0.028164, 0.191761, -0.112517
0.031962, 0.195943, -0.107159
0.038521, 0.199811, -0.103369
0.047408, 0.203244, -0.102309
0.053995, 0.20455, -0.10271
0.053995, 0.20455, -0.10271
0.05893, 0.20308, -0.102477
0.064682, 0.200181, -0.101723
0.070188, 0.198737, -0.101209
0.074913, 0.200624, -0.101521
0.074913, 0.200624, -0.101521
0.077209, 0.208593, -0.102792
0.07353, 0.217789, -0.10399
0.068552, 0.224797, -0.10356
0.064289, 0.229657, -0.102199
0.064289, 0.229657, -0.102199
0.060716, 0.235224, -0.101129
0.05765, 0.24478, -0.10183
0.055895, 0.254638, -0.103919
0.056049, 0.261514, -0.10617
0.056049, 0.261514, -0.10617
0.058907, 0.265031, -0.107987
0.06145, 0.264712, -0.110206
0.063837, 0.265343, -0.111765
0.06688, 0.267526, -0.112641
0.06688, 0.267526, -0.112641
0.069474, 0.271158, -0.112387
0.071443, 0.275292, -0.110867
0.072473, 0.278366, -0.109216
0.073652, 0.280279, -0.107921
0.073652, 0.280279, -0.107921
0.075669, 0.280536, -0.107056
0.078147, 0.279426, -0.106996
0.079528, 0.283127, -0.107368
0.079423, 0.290238, -0.1076
0.079423, 0.290238, -0.1076
0.079821, 0.297383, -0.107045
0.081039, 0.302013, -0.105925
0.081448, 0.304242, -0.104146
0.081256, 0.306251, -0.101929
0.081256, 0.306251, -0.101929
0.081326, 0.308284, -0.100103
0.081788, 0.3111, -0.09818
0.082491, 0.314806, -0.095178
0.082491, 0.314806, -0.095178
0.083203, 0.317741, -0.091243
0.084603, 0.318279, -0.086642
0.085984, 0.318296, -0.082209
0.086828, 0.320396, -0.077822
0.089826, 0.325266, -0.074053
0.089826, 0.325266, -0.074053
0.092099, 0.32899, -0.071987
0.094056, 0.331576, -0.06982
0.095839, 0.334581, -0.068517
0.096601, 0.340951, -0.068066
0.096601, 0.340951, -0.068066
0.095949, 0.352712, -0.067964
0.096132, 0.367646, -0.066673
0.097139, 0.382244, -0.064938
0.099289, 0.395714, -0.063116
0.099289, 0.395714, -0.063116
0.100942, 0.410965, -0.061459
0.10196, 0.429792, -0.059272
0.103044, 0.44823, -0.057864
0.104102, 0.466013, -0.057041
0.104102, 0.466013, -0.057041
0.105115, 0.482112, -0.056626
0.105813, 0.494535, -0.056168
0.106092, 0.507206, -0.055174
0.10841, 0.521952, -0.054563
0.10841, 0.521952, -0.054563
0.112116, 0.538425, -0.053966
0.116095, 0.555857, -0.052564
0.119115, 0.574369, -0.049281
0.12063, 0.593066, -0.045891
0.12063, 0.593066, -0.045891
0.120861, 0.609473, -0.042724
0.12383, 0.62297, -0.039441
0.127562, 0.635839, -0.036019
0.13009, 0.650599, -0.0313
0.13009, 0.650599, -0.0313
0.13204, 0.665734, -0.026323
0.133689, 0.683606, -0.022174
0.135289, 0.700771, -0.01876
0.135289, 0.700771, -0.01876
0.134113, 0.717183, -0.015499
0.131145, 0.730864, -0.011231
0.128329, 0.743622, -0.006078
0.12679, 0.754643, -0.000707
0.12679, 0.754643, -0.000707
0.126208, 0.762773, 0.004117
0.125549, 0.772069, 0.00825
0.123445, 0.781454, 0.011662
0.119619, 0.789843, 0.014284
0.119619, 0.789843, 0.014284
0.114577, 0.798793, 0.016364
0.109082, 0.808618, 0.018041
0.105106, 0.816101, 0.019418
0.102779, 0.82228, 0.020188
0.102779, 0.82228, 0.020188
0.10083, 0.828527, 0.020317
0.097808, 0.834515, 0.019808
0.093802, 0.840946, 0.018707
0.090337, 0.847775, 0.017399
0.090337, 0.847775, 0.017399
0.087721, 0.853805, 0.016128
0.086485, 0.859191, 0.013379
0.086859, 0.866672, 0.008362
0.086174, 0.873944, 0.001119
0.086174, 0.873944, 0.001119
0.083102, 0.880224, -0.007276
0.080774, 0.886098, -0.014536
0.080962, 0.891157, -0.017634
0.08125, 0.894993, -0.015975
0.08125, 0.894993, -0.015975
0.078456, 0.899278, -0.015647
0.073844, 0.903282, -0.01968
0.07099, 0.906943, -0.022203
0.069856, 0.909484, -0.022197
0.069856, 0.909484, -0.022197
0.067632, 0.913032, -0.022141
0.064382, 0.917545, -0.022241
0.06085, 0.921427, -0.02212
0.05836, 0.924166, -0.022365
0.05836, 0.924166, -0.022365
0.057435, 0.925205, -0.02182
0.056604, 0.925716, -0.020287
0.053629, 0.927567, -0.018117
0.048931, 0.931483, -0.017546
0.048931, 0.931483, -0.017546
0.042879, 0.935661, -0.019144
0.036945, 0.939017, -0.019844
0.032606, 0.942735, -0.019402
0.028459, 0.946311, -0.020736
0.028459, 0.946311, -0.020736
0.024367, 0.950144, -0.02113
0.020849, 0.953991, -0.020434
0.01696, 0.95752, -0.020915
0.012239, 0.960921, -0.024445
0.012239, 0.960921, -0.024445
0.007057, 0.96481, -0.029065
0.001441, 0.969799, -0.033218
-0.004667, 0.975194, -0.036401
-0.008853, 0.979679, -0.037252
-0.008853, 0.979679, -0.037252
-0.010333, 0.983178, -0.034905
-0.013475, 0.986609, -0.032322
-0.019056, 0.99007, -0.030357
-0.023924, 0.992842, -0.026352
-0.023924, 0.992842, -0.026352
-0.026112, 0.995034, -0.019236
-0.029479, 0.996822, -0.012266
-0.035684, 0.998233, -0.006829
-0.04159, 0.998848, -0.00059
-0.04159, 0.998848, -0.00059
-0.042762, 0.999027, 0.008404
0.045042, -0.998773, -0.015309
0.050782, -0.997752, -0.01805
0.057217, -0.995749, -0.019334
0.057217, -0.995749, -0.019334
0.057511, -0.993884, -0.025348
0.053822, -0.992215, -0.033494
0.05215, -0.990201, -0.039291
0.053513, -0.987381, -0.041327
0.053513, -0.987381, -0.041327
0.056585, -0.984022, -0.041767
0.056814, -0.981004, -0.044068
0.055694, -0.978105, -0.04686
0.058709, -0.974153, -0.047819
0.058709, -0.974153, -0.047819
0.068086, -0.968515, -0.05218
0.074422, -0.963441, -0.060307
0.077923, -0.959387, -0.069956
0.078994, -0.955652, -0.078102
0.080863, -0.951142, -0.082627
0.080863, -0.951142, -0.082627
0.085214, -0.946081, -0.082905
0.091971, -0.94004, -0.080585
0.098234, -0.934309, -0.078185
0.098234, -0.934309, -0.078185
0.101634, -0.929693, -0.076247
0.103512, -0.925165, -0.074492
0.107345, -0.919578, -0.07261
0.112283, -0.913294, -0.070914
0.112283, -0.913294, -0.070914
0.117599, -0.90668, -0.069046
0.123084, -0.900181, -0.067424
0.128503, -0.892401, -0.065597
0.134744, -0.88381, -0.062189
0.134744, -0.88381, -0.062189
0.140893, -0.875892, -0.056771
0.146018, -0.870681, -0.050341
0.149653, -0.866459, -0.043019
0.154989, -0.860795, -0.033896
0.154989, -0.860795, -0.033896
0.162994, -0.852623, -0.024579
0.16732, -0.843911, -0.025243
0.170949, -0.834712, -0.028253
0.174184, -0.825849, -0.029537
0.175309, -0.818638, -0.029023
0.175309, -0.818638, -0.029023
0.173345, -0.813299, -0.026958
0.17157, -0.807523, -0.024936
0.171688, -0.799184, -0.024045
0.171688, -0.799184, -0.024045
0.17219, -0.789444, -0.024107
0.172142, -0.779997, -0.024239
0.171239, -0.771357, -0.023317
0.169644, -0.759784, -0.021484
0.169644, -0.759784, -0.021484
0.170177, -0.742789, -0.021057
0.17276, -0.723957, -0.021032
0.173576, -0.706601, -0.020265
0.170442, -0.687387, -0.019405
0.166401, -0.670026, -0.01898
0.166401, -0.670026, -0.01898
0.162229, -0.662484, -0.015251
0.15732, -0.660922, -0.009908
0.153504, -0.655735, -0.008188
0.153504, -0.655735, -0.008188
0.150768, -0.639897, -0.007394
0.149808, -0.620712, -0.007951
0.14643, -0.601367, -0.013673
0.141615, -0.584622, -0.022
0.141615, -0.584622, -0.022
0.137396, -0.569884, -0.02751
0.135988, -0.554864, -0.028855
0.133682, -0.543404, -0.027731
0.132421, -0.530797, -0.025576
0.132421, -0.530797, -0.025576
0.133141, -0.510908, -0.022712
0.136468, -0.488553, -0.019082
0.137478, -0.464597, -0.017011
0.137478, -0.464597, -0.017011
0.136799, -0.440804, -0.013935
0.135767, -0.421329, -0.007062
0.135926, -0.41118, 0.000511
0.136336, -0.402632, 0.004766
0.134992, -0.391672, 0.006055
0.134992, -0.391672, 0.006055
0.134003, -0.375658, 0.008312
0.133875, -0.358716, 0.010805
0.130716, -0.34361, 0.01273
0.126822, -0.335418, 0.015318
0.126822, -0.335418, 0.015318
0.122812, -0.331594, 0.018784
0.120106, -0.325817, 0.022371
0.117087, -0.318823, 0.025748
0.117087, -0.318823, 0.025748
0.113266, -0.313248, 0.028836
0.109797, -0.308947, 0.031816
0.108215, -0.305095, 0.033691
0.108987, -0.299692, 0.035421
0.109073, -0.294873, 0.037703
0.109073, -0.294873, 0.037703
0.107284, -0.291857, 0.040208
0.104794, -0.290803, 0.042563
0.103095, -0.287522, 0.041927
0.100519, -0.284661, 0.038829
0.100519, -0.284661, 0.038829
0.095436, -0.283268, 0.036981
0.089744, -0.281523, 0.036682
0.084469, -0.279632, 0.037288
0.079819, -0.277927, 0.03818
0.079819, -0.277927, 0.03818
0.07669, -0.274007, 0.038821
0.076085, -0.267158, 0.039617
0.076694, -0.258534, 0.038437
0.07911, -0.250447, 0.035223
0.07911, -0.250447, 0.035223
0.088662, -0.238375, 0.033036
0.099159, -0.228504, 0.032705
0.10148, -0.221122, 0.033147
0.098871, -0.219427, 0.0335
0.098871, -0.219427, 0.0335
0.100767, -0.213271, 0.033798
0.10571, -0.20452, 0.032382
0.111037, -0.195573, 0.032307
0.116533, -0.188767, 0.033463
0.116533, -0.188767, 0.033463
0.123926, -0.178847, 0.030745
0.127516, -0.174359, 0.031181
0.128039, -0.172961, 0.034194
0.128039, -0.172961, 0.034194
0.127135, -0.172825, 0.036869
0.125288, -0.172391, 0.035823
0.125179, -0.168486, 0.031382
0.127065, -0.16009, 0.0288
0.127065, -0.16009, 0.0288
0.123695, -0.158123, 0.027258
0.117822, -0.156965, 0.025235
0.111667, -0.155618, 0.021578
0.106297, -0.153031, 0.017
0.106297, -0.153031, 0.017
0.101398, -0.150031, 0.012095
0.096119, -0.149252, 0.007684
0.089546, -0.151437, 0.002166
0.089546, -0.151437, 0.002166
0.080417, -0.151716, -0.00605
0.065743, -0.142672, -0.017283
0.049752, -0.13114, -0.029925
0.04159, -0.122784, -0.039764
0.042591, -0.120016, -0.043657
0.042591, -0.120016, -0.043657
0.041733, -0.115623, -0.04875
0.039235, -0.107509, -0.056813
0.03769, -0.100326, -0.065265
0.03769, -0.100326, -0.065265
0.035225, -0.097476, -0.072274
0.031661, -0.099966, -0.077342
0.026982, -0.102252, -0.081148
0.025083, -0.099032, -0.084306
0.025083, -0.099032, -0.084306
0.028478, -0.092111, -0.086566
0.033926, -0.084586, -0.088809
0.038761, -0.077758, -0.091146
0.043181, -0.071839, -0.093888
0.043181, -0.071839, -0.093888
0.046613, -0.066451, -0.096823
0.046782, -0.061632, -0.099655
0.04409, -0.057075, -0.101802
0.041651, -0.052352, -0.103638
0.040337, -0.046373, -0.10694
0.040337, -0.046373, -0.10694
0.039273, -0.040663, -0.111065
0.037799, -0.037114, -0.114473
0.036181, -0.033519, -0.116751
0.036181, -0.033519, -0.116751
0.034973, -0.029995, -0.117745
0.034156, -0.026536, -0.118167
0.033556, -0.022372, -0.119129
0.032872, -0.017037, -0.12105
0.032872, -0.017037, -0.12105
0.033149, -0.012116, -0.1231
0.033274, -0.009037, -0.123564
0.032974, -0.006459, -0.122761
0.032821, -0.003, -0.122009
0.032821, -0.003, -0.122009
0.033309, 0.001859, -0.12168
0.034304, 0.006508, -0.121001
0.035482, 0.010542, -0.119615
0.03571, 0.01415, -0.118862
0.03571, 0.01415, -0.118862
0.035624, 0.0168, -0.118334
0.035232, 0.018355, -0.117484
0.033953, 0.020005, -0.116551
0.031605, 0.023261, -0.11617
0.031605, 0.023261, -0.11617
0.028914, 0.027468, -0.116261
0.02634, 0.031121, -0.1166
0.024094, 0.033102, -0.117095
0.021912, 0.033767, -0.117346
0.021912, 0.033767, -0.117346
0.019719, 0.033881, -0.117205
0.017592, 0.034129, -0.117309
0.015751, 0.034651, -0.117609
0.015751, 0.034651, -0.117609
0.01414, 0.034745, -0.118187
0.012888, 0.035833, -0.11906
0.011972, 0.03611, -0.119906
0.011183, 0.035536, -0.120509
0.010479, 0.036038, -0.12102
0.010479, 0.036038, -0.12102
0.010318, 0.037224, -0.1214
0.010313, 0.038348, -0.121737
0.010571, 0.038926, -0.122282
0.011078, 0.039094, -0.12289
0.011078, 0.039094, -0.12289
0.011654, 0.039452, -0.12352
0.012196, 0.039992, -0.124004
0.012496, 0.039857, -0.124208
0.012496, 0.039857, -0.124208
0.012518, 0.039179, -0.12444
0.012597, 0.038468, -0.124953
0.012851, 0.038246, -0.125715
0.013217, 0.03858, -0.126848
0.01343, 0.038899, -0.128158
0.01343, 0.038899, -0.128158
0.013153, 0.038468, -0.129221
0.012593, 0.03689, -0.130001
0.012215, 0.034847, -0.130714
0.012215, 0.034847, -0.130714
0.011819, 0.033321, -0.131435
0.011157, 0.032868, -0.132391
0.010345, 0.032328, -0.133429
0.009628, 0.03081, -0.134378
0.009628, 0.03081, -0.134378
0.009203, 0.029327, -0.13526
0.00899, 0.028175, -0.136293
0.00896, 0.027616, -0.137552
0.009142, 0.027854, -0.139093
0.009142, 0.027854, -0.139093
0.009412, 0.028509, -0.140712
0.009515, 0.029549, -0.142334
0.009408, 0.029899, -0.143517
0.009153, 0.029311, -0.144124
0.009153, 0.029311, -0.144124
0.008674, 0.028427, -0.144534
0.007802, 0.027266, -0.144798
0.006551, 0.025226, -0.145019
0.005118, 0.022552, -0.145434
0.005118, 0.022552, -0.145434
0.003697, 0.020386, -0.146023
0.002358, 0.017901, -0.146423
0.000876, 0.015057, -0.146969
-0.000563, 0.011352, -0.14764
-0.000563, 0.011352, -0.14764
-0.002073, 0.006524, -0.147898
-0.003604, -0.000587, -0.147735
-0.004961, -0.008637, -0.147818
-0.006358, -0.016445, -0.147878
-0.006358, -0.016445, -0.147878
-0.008024, -0.024611, -0.148221
-0.00996, -0.033537, -0.148513
-0.011313, -0.042588, -0.148878
-0.011313, -0.042588, -0.148878
-0.012719, -0.052364, -0.149101
-0.014242, -0.062076, -0.149606
-0.015871, -0.071132, -0.150201
-0.017555, -0.079802, -0.150303
-0.017555, -0.079802, -0.150303
-0.01889, -0.088359, -0.150414
-0.020328, -0.097762, -0.150612
-0.0216, -0.108165, -0.150427
-0.022513, -0.118839, -0.149856
-0.022513, -0.118839, -0.149856
-0.023486, -0.12988, -0.149252
-0.024846, -0.141211, -0.14876
-0.026504, -0.153307, -0.148382
-0.028492, -0.165894, -0.14781
-0.028492, -0.165894, -0.14781
-0.030741, -0.178662, -0.146916
-0.033335, -0.191037, -0.145853
-0.036407, -0.204201, -0.144648
-0.039372, -0.218629, -0.143138
-0.039372, -0.218629, -0.143138
-0.041765, -0.233063, -0.141631
-0.043805, -0.247606, -0.140289
-0.045972, -0.26196, -0.13947
-0.045972, -0.26196, -0.13947
-0.04881, -0.274397, -0.138919
-0.052534, -0.286047, -0.138503
-0.056669, -0.300323, -0.137419
-0.060786, -0.317375, -0.135344
-0.064817, -0.33269, -0.133714
-0.064817, -0.33269, -0.133714
-0.068831, -0.343349, -0.133978
-0.072492, -0.353032, -0.134959
-0.075794, -0.362915, -0.135875
-0.075794, -0.362915, -0.135875
-0.078484, -0.372964, -0.135637
-0.080171, -0.383652, -0.134476
-0.082129, -0.394165, -0.132875
-0.084891, -0.402989, -0.132364
-0.08765, -0.410433, -0.132657
-0.08765, -0.410433, -0.132657
-0.089094, -0.416405, -0.132844
-0.08969, -0.420606, -0.132943
-0.090387, -0.425566, -0.132387
-0.090183, -0.431925, -0.130469
-0.090183, -0.431925, -0.130469
-0.089392, -0.438525, -0.127856
-0.088361, -0.444707, -0.125148
-0.087075, -0.449153, -0.123255
-0.08595, -0.453486, -0.121786
-0.08595, -0.453486, -0.121786
-0.085801, -0.45841, -0.120686
-0.086328, -0.464684, -0.119978
-0.087275, -0.472197, -0.119275
-0.087275, -0.472197, -0.119275
-0.088838, -0.481349, -0.118355
-0.090721, -0.491168, -0.116625
-0.092948, -0.500305, -0.113539
-0.095269, -0.508886, -0.109117
-0.096999, -0.517594, -0.104392
-0.096999, -0.517594, -0.104392
-0.098151, -0.526301, -0.100519
-0.09907, -0.534834, -0.097442
-0.099908, -0.543674, -0.094633
-0.101427, -0.551429, -0.092644
-0.101427, -0.551429, -0.092644
-0.104083, -0.558372, -0.09144
-0.106698, -0.565083, -0.089665
-0.108796, -0.571912, -0.086148
-0.108796, -0.571912, -0.086148
-0.110431, -0.578796, -0.081656
-0.110866, -0.584612, -0.078149
-0.11091, -0.587361, -0.077384
-0.112148, -0.588991, -0.078222
-0.112148, -0.588991, -0.078222
-0.114038, -0.591551, -0.077958
-0.115109, -0.595931, -0.07447
-0.114677, -0.599719, -0.069984
-0.112939, -0.602018, -0.065322
-0.112939, -0.602018, -0.065322
-0.111191, -0.60343, -0.062341
-0.111666, -0.60532, -0.062249
-0.113838, -0.609468, -0.062896
-0.115971, -0.614765, -0.06364
-0.115971, -0.614765, -0.06364
-0.116704, -0.618614, -0.063598
-0.116531, -0.621656, -0.062906
-0.116885, -0.624686, -0.061445
-0.117879, -0.627827, -0.059498
-0.117879, -0.627827, -0.059498
-0.118993, -0.631942, -0.057199
-0.120586, -0.638954, -0.055358
-0.121784, -0.646123, -0.054519
-0.123239, -0.651485, -0.055472
-0.123239, -0.651485, -0.055472
-0.125473, -0.657245, -0.056484
-0.127742, -0.664057, -0.055668
-0.129472, -0.668459, -0.052944
-0.130133, -0.671566, -0.050291
-0.130133, -0.671566, -0.050291
-0.130367, -0.674207, -0.048897
-0.130991, -0.677955, -0.048487
-0.131568, -0.681523, -0.048276
-0.130559, -0.681786, -0.047227
-0.130559, -0.681786, -0.047227
-0.12942, -0.682932, -0.047112
-0.128384, -0.685259, -0.047008
-0.127978, -0.688771, -0.046227
-0.127978, -0.688771, -0.046227
-0.129413, -0.695028, -0.044762
-0.130149, -0.702878, -0.042134
-0.128829, -0.709388, -0.038812
-0.126306, -0.714013, -0.03459
-0.126306, -0.714013, -0.03459
-0.123356, -0.719622, -0.028327
-0.120176, -0.726967, -0.02219
-0.118208, -0.735482, -0.016522
-0.11776, -0.744816, -0.011489
-0.11776, -0.744816, -0.011489
-0.118102, -0.755561, -0.0078
-0.11806, -0.769122, -0.005498
-0.116481, -0.785141, -0.005076
-0.115579, -0.801643, -0.006025
-0.115579, -0.801643, -0.006025
-0.117208, -0.816926, -0.007086
-0.121444, -0.831725, -0.008431
-0.123772, -0.844088, -0.010359
-0.124722, -0.851386, -0.008707
-0.124722, -0.851386, -0.008707
-0.127971, -0.855344, -0.004365
-0.132928, -0.858365, 0.001584
-0.138022, -0.862672, 0.008015
-0.140717, -0.867982, 0.012593
-0.140717, -0.867982, 0.012593
-0.140305, -0.874314, 0.013555
-0.138816, -0.883699, 0.008651
-0.137922, -0.894983, 0.000254
-0.137105, -0.906572, -0.008106
-0.137105, -0.906572, -0.008106
-0.136929, -0.915372, -0.013327
-0.138057, -0.921276, -0.015383
-0.140636, -0.925969, -0.015451
-0.143527, -0.931097, -0.014289
-0.143527, -0.931097, -0.014289
-0.145128, -0.936808, -0.012963
-0.145777, -0.942907, -0.012867
-0.146886, -0.948914, -0.014874
-0.146886, -0.948914, -0.014874
-0.149552, -0.954728, -0.018284
-0.152443, -0.959957, -0.021001
-0.154552, -0.963984, -0.021669
-0.157407, -0.966846, -0.019943
-0.162102, -0.969224, -0.015857
-0.162102, -0.969224, -0.015857
-0.166389, -0.971331, -0.011326
-0.169639, -0.973199, -0.008375
-0.173191, -0.974827, -0.007269
-0.17773, -0.976103, -0.006524
-0.17773, -0.976103, -0.006524
-0.182653, -0.97696, -0.005001
-0.187126, -0.977387, -0.00282
-0.191066, -0.977628, -0.000532
-0.19552, -0.977582, 0.000705
-0.19552, -0.977582, 0.000705
-0.200599, -0.977328, 0.001882
-0.205958, -0.976865, 0.002447
-0.21245, -0.975913, 0.002251
-0.218741, -0.974772, 0.00174
-0.218741, -0.974772, 0.00174
-0.224706, -0.973667, 0.001055
-0.231012, -0.972486, 0.00034
-0.236377, -0.971389, -0.000988
-0.236377, -0.971389, -0.000988
-0.241577, -0.970203, -0.002648
-0.246156, -0.969136, -0.005425
-0.250166, -0.968148, -0.009985
0.254002, 0.967012, 0.015331
0.254002, 0.967012, 0.015331
0.258124, 0.96568, 0.018413
0.26221, 0.964292, 0.018855
0.265557, 0.962749, 0.02035
0.269157, 0.960704, 0.024453
0.273848, 0.958256, 0.029922
0.273848, 0.958256, 0.029922
0.277784, 0.956135, 0.032597
0.280693, 0.954215, 0.033136
0.283229, 0.952088, 0.032693
0.286065, 0.949844, 0.0322
0.286065, 0.949844, 0.0322
0.288071, 0.947636, 0.032371
0.288703, 0.945564, 0.033827
0.288455, 0.94359, 0.035312
0.288455, 0.94359, 0.035312
0.288902, 0.941588, 0.035528
0.289881, 0.93969, 0.033781
0.291034, 0.937621, 0.031114
0.292559, 0.93509, 0.027405
0.292559, 0.93509, 0.027405
0.293627, 0.932818, 0.023878
0.293877, 0.931135, 0.02111
0.293303, 0.929443, 0.018881
0.292302, 0.927386, 0.015276
0.292302, 0.927386, 0.015276
0.291682, 0.925168, 0.008449
0.290736, 0.922745, 0.001839
0.288617, 0.920638, -2.6E-05
0.285305, 0.917903, 0.001873
0.281868, 0.915191, 0.000185
0.281868, 0.915191, 0.000185
0.279635, 0.912842, -0.007242
0.277126, 0.910994, -0.016534
0.274285, 0.908894, -0.023903
0.274285, 0.908894, -0.023903
0.271087, 0.906228, -0.028196
0.267293, 0.903356, -0.031687
0.264145, 0.900209, -0.035832
0.261881, 0.896654, -0.042316
0.261881, 0.896654, -0.042316
0.259406, 0.892961, -0.048307
0.25644, 0.88917, -0.053126
0.254719, 0.884581, -0.058155
0.254828, 0.880171, -0.062023
0.254828, 0.880171, -0.062023
0.255352, 0.87559, -0.065192
0.255058, 0.871167, -0.067632
0.254642, 0.865523, -0.07324
0.255734, 0.856894, -0.08248
0.255734, 0.856894, -0.08248
0.258935, 0.847624, -0.092119
0.260419, 0.841251, -0.099093
0.260442, 0.836009, -0.104034
0.259435, 0.829707, -0.107693
0.259435, 0.829707, -0.107693
0.258391, 0.818277, -0.113168
0.257981, 0.800494, -0.120148
0.257448, 0.78325, -0.1262
0.255912, 0.773196, -0.130626
0.255912, 0.773196, -0.130626
0.253637, 0.766197, -0.133796
0.251955, 0.75418, -0.138874
0.251775, 0.735641, -0.145441
0.251775, 0.735641, -0.145441
0.252379, 0.714852, -0.152579
0.253582, 0.693876, -0.160104
0.25481, 0.671733, -0.168335
0.254779, 0.652286, -0.175632
0.254779, 0.652286, -0.175632
0.253855, 0.633493, -0.182296
0.253038, 0.61075, -0.188932
0.251191, 0.583548, -0.194702
0.247897, 0.554805, -0.200433
0.24281, 0.527112, -0.20677
0.24281, 0.527112, -0.20677
0.236253, 0.501551, -0.213247
0.229373, 0.477614, -0.218267
0.223491, 0.452756, -0.222759
0.223491, 0.452756, -0.222759
0.217994, 0.427105, -0.227859
0.211444, 0.402272, -0.233584
0.202888, 0.375851, -0.239336
0.192768, 0.350505, -0.244414
0.192768, 0.350505, -0.244414
0.182227, 0.32811, -0.248645
0.172092, 0.306405, -0.250984
0.161228, 0.283479, -0.251429
0.149535, 0.26069, -0.25435
0.139722, 0.240676, -0.259293
0.139722, 0.240676, -0.259293
0.132373, 0.224541, -0.263443
0.124874, 0.208093, -0.265003
0.116018, 0.191608, -0.264523
0.116018, 0.191608, -0.264523
0.106367, 0.176147, -0.264501
0.09754, 0.160861, -0.266433
0.090563, 0.144516, -0.269208
0.085861, 0.128969, -0.271604
0.085861, 0.128969, -0.271604
0.082397, 0.115656, -0.271935
0.07912, 0.105476, -0.271297
0.07585, 0.095597, -0.27127
0.072617, 0.081546, -0.272241
0.072617, 0.081546, -0.272241
0.069828, 0.066484, -0.274203
0.068271, 0.056414, -0.275207
0.066372, 0.050261, -0.273506
0.062731, 0.045957, -0.270478
0.062731, 0.045957, -0.270478
0.056837, 0.039684, -0.269339
0.050454, 0.034768, -0.269929
0.043129, 0.033244, -0.269746
0.036025, 0.033381, -0.267924
0.036025, 0.033381, -0.267924
0.030808, 0.032463, -0.267998
0.031376, 0.029283, -0.270511
0.035773, 0.026808, -0.272723
0.0411, 0.024968, -0.274399
0.0411, 0.024968, -0.274399
0.046839, 0.022286, -0.276424
0.051253, 0.017134, -0.27651
0.053156, 0.011793, -0.275028
0.053047, 0.009474, -0.273823
0.053047, 0.009474, -0.273823
0.052998, 0.010159, -0.273892
0.05182, 0.010435, -0.274076
0.04865, 0.01084, -0.273456
0.04493, 0.011201, -0.272627
0.04493, 0.011201, -0.272627
0.043552, 0.013922, -0.272332
0.044502, 0.017648, -0.271376
0.045178, 0.018019, -0.270625
0.04452, 0.016611, -0.269855
0.04452, 0.016611, -0.269855
0.043354, 0.016617, -0.269998
0.043638, 0.018679, -0.272132
0.045547, 0.020832, -0.274439
0.045547, 0.020832, -0.274439
0.04731, 0.022453, -0.275767
0.048346, 0.023096, -0.276469
0.048454, 0.024092, -0.276057
0.048066, 0.023927, -0.275004
0.047602, 0.022696, -0.27387
0.047602, 0.022696, -0.27387
0.047433, 0.021194, -0.27358
0.047119, 0.020014, -0.273302
0.04593, 0.01888, -0.271899
0.04593, 0.01888, -0.271899
0.044311, 0.017884, -0.270186
0.043968, 0.015705, -0.2693
0.044587, 0.014075, -0.269407
0.044469, 0.012628, -0.269235
0.042934, 0.011053, -0.268473
0.042934, 0.011053, -0.268473
0.041245, 0.010126, -0.267903
0.03997, 0.009277, -0.267267
0.039218, 0.008044, -0.26618
0.038482, 0.006483, -0.265064
0.038482, 0.006483, -0.265064
0.03833, 0.005217, -0.264559
0.039204, 0.004439, -0.264471
0.039204, 0.004439, -0.264471
0.040295, 0.003652, -0.263946
0.041335, 0.00328, -0.263202
0.042625, 0.00324, -0.262656
0.044348, 0.00254, -0.262131
0.046296, 0.001425, -0.261506
0.046296, 0.001425, -0.261506
0.048026, 0.000111, -0.26058
0.049081, -0.000733, -0.259466
0.049495, -0.001146, -0.258751
0.049222, -0.001378, -0.258312
0.049222, -0.001378, -0.258312
0.0485, -0.001361, -0.258082
0.04796, -0.001021, -0.258075
0.047464, -0.001134, -0.257938
0.046679, -0.001946, -0.257467
0.046679, -0.001946, -0.257467
0.045697, -0.002748, -0.256667
0.044721, -0.00271, -0.255936
0.043992, -0.001478, -0.255517
0.043042, -0.000396, -0.255032
0.043042, -0.000396, -0.255032
0.041638, 0.000489, -0.25426
0.039358, 0.001195, -0.253973
0.035855, 0.002304, -0.253983
0.035855, 0.002304, -0.253983
0.031884, 0.004212, -0.254717
0.027707, 0.006016, -0.255451
0.023461, 0.007376, -0.255769
0.019128, 0.008344, -0.256401
0.019128, 0.008344, -0.256401
0.01433, 0.009756, -0.257528
0.008462, 0.010713, -0.258196
0.00127, 0.011208, -0.258272
-0.005657, 0.011604, -0.258165
-0.005657, 0.011604, -0.258165
-0.011729, 0.012091, -0.257405
-0.018303, 0.010981, -0.255376
-0.02469, 0.010306, -0.253486
-0.030908, 0.010475, -0.25201
-0.030908, 0.010475, -0.25201
-0.036899, 0.010226, -0.250131
-0.042995, 0.008956, -0.248401
-0.048918, 0.008038, -0.247254
-0.054137, 0.007876, -0.246105
-0.054137, 0.007876, -0.246105
-0.059387, 0.00793, -0.244104
-0.064482, 0.007425, -0.24175
-0.069309, 0.007508, -0.239356
-0.074051, 0.006877, -0.236838
-0.074051, 0.006877, -0.236838
-0.079449, 0.006149, -0.235133
-0.08535, 0.006848, -0.233977
-0.090844, 0.00794, -0.232362
-0.094858, 0.008943, -0.230715
-0.094858, 0.008943, -0.230715
-0.09786, 0.009217, -0.229248
-0.101239, 0.010597, -0.227784
-0.105892, 0.01219, -0.225825
-0.112434, 0.013006, -0.223708
-0.112434, 0.013006, -0.223708
-0.119953, 0.014402, -0.221905
-0.127676, 0.01646, -0.219972
-0.136041, 0.017741, -0.217136
-0.144261, 0.018532, -0.213517
-0.151705, 0.021121, -0.209151
-0.151705, 0.021121, -0.209151
-0.159036, 0.024705, -0.204596
-0.168212, 0.027334, -0.199894
-0.179668, 0.028173, -0.195288
-0.179668, 0.028173, -0.195288
-0.191171, 0.026685, -0.19107
-0.201705, 0.025097, -0.188023
-0.212738, 0.023894, -0.184732
-0.212738, 0.023894, -0.184732
-0.2266, 0.021866, -0.179382
-0.240377, 0.02094, -0.173899
-0.251007, 0.020847, -0.169697
-0.260917, 0.019966, -0.166024
-0.260917, 0.019966, -0.166024
-0.274909, 0.016352, -0.161105
-0.288436, 0.014346, -0.156258
-0.29897, 0.013564, -0.152692
-0.307414, 0.013331, -0.14975
-0.317821, 0.013451, -0.146106
-0.317821, 0.013451, -0.146106
-0.330668, 0.012097, -0.141228
-0.343646, 0.010776, -0.13688
-0.354396, 0.01088, -0.134256
-0.364336, 0.01139, -0.131275
-0.364336, 0.01139, -0.131275
-0.374279, 0.012226, -0.127377
-0.38374, 0.012335, -0.122652
-0.390705, 0.012127, -0.119796
-0.396908, 0.011566, -0.117764
-0.396908, 0.011566, -0.117764
-0.404798, 0.010415, -0.115651
-0.412893, 0.00916, -0.113046
-0.419921, 0.007855, -0.109527
-0.426739, 0.008624, -0.105646
-0.426739, 0.008624, -0.105646
-0.432469, 0.009343, -0.101076
-0.437491, 0.011775, -0.097317
-0.443574, 0.013739, -0.094302
-0.451267, 0.01401, -0.092343
-0.451267, 0.01401, -0.092343
-0.461166, 0.0124, -0.091272
-0.47143, 0.010256, -0.091572
-0.480189, 0.009888, -0.092183
-0.487342, 0.011621, -0.092247
-0.487342, 0.011621, -0.092247
-0.493617, 0.014547, -0.092664
-0.49973, 0.017448, -0.092547
-0.506607, 0.021474, -0.090512
-0.513855, 0.026859, -0.085049
-0.513855, 0.026859, -0.085049
-0.520634, 0.031945, -0.080044
-0.526861, 0.035963, -0.078152
-0.533076, 0.039175, -0.077811
-0.540139, 0.043377, -0.075394
-0.540139, 0.043377, -0.075394
-0.547967, 0.048445, -0.071358
-0.556227, 0.053761, -0.067426
-0.564362, 0.059218, -0.063628
-0.571578, 0.064089, -0.060346
-0.571578, 0.064089, -0.060346
-0.578024, 0.068005, -0.057653
-0.584577, 0.071712, -0.054603
-0.591876, 0.075803, -0.050732
-0.599642, 0.079488, -0.047609
-0.599642, 0.079488, -0.047609
-0.607544, 0.081321, -0.046203
-0.615354, 0.082108, -0.045644
-0.623373, 0.084422, -0.043883
-0.631748, 0.088559, -0.040879
-0.631748, 0.088559, -0.040879
-0.640594, 0.093276, -0.037802
-0.649943, 0.097593, -0.034769
-0.658958, 0.102009, -0.031346
-0.66789, 0.107451, -0.028666
-0.66789, 0.107451, -0.028666
-0.677664, 0.113913, -0.026231
-0.688496, 0.120491, -0.022846
-0.698958, 0.125367, -0.020069
-0.708061, 0.128285, -0.019402
-0.708061, 0.128285, -0.019402
-0.716367, 0.130847, -0.018281
-0.724064, 0.133148, -0.01546
-0.731165, 0.13379, -0.013207
-0.737727, 0.135112, -0.013006
-0.737727, 0.135112, -0.013006
-0.7442, 0.137375, -0.012662
-0.749894, 0.139116, -0.011367
-0.754396, 0.140865, -0.010086
-0.758275, 0.14252, -0.007797
-0.758275, 0.14252, -0.007797
-0.761688, 0.143246, -0.005738
-0.764499, 0.144742, -0.005616
-0.766733, 0.148828, -0.004943
-0.769094, 0.152761, -0.004571
-0.769094, 0.152761, -0.004571
-0.77124, 0.154329, -0.006735
-0.770773, 0.156065, -0.009068
-0.767674, 0.160348, -0.010658
-0.766066, 0.165704, -0.011454
-0.766066, 0.165704, -0.011454
-0.768898, 0.168245, -0.012689
-0.774888, 0.169458, -0.015572
-0.781888, 0.172913, -0.016808
-0.781888, 0.172913, -0.016808
-0.78739, 0.177467, -0.016645
-0.789326, 0.180754, -0.015233
-0.789446, 0.182707, -0.01542
-0.789998, 0.184336, -0.017306
-0.791664, 0.185916, -0.019339
-0.791664, 0.185916, -0.019339
-0.794524, 0.185984, -0.020063
-0.796801, 0.185117, -0.020624
-0.798609, 0.184347, -0.021686
-0.798609, 0.184347, -0.021686
-0.800401, 0.18539, -0.022668
-0.802403, 0.188289, -0.022568
-0.804634, 0.190812, -0.022344
-0.807833, 0.192276, -0.023305
-0.812117, 0.192639, -0.024884
-0.812117, 0.192639, -0.024884
-0.816981, 0.193775, -0.026159
-0.821994, 0.195196, -0.026813
-0.82735, 0.196112, -0.026678
-0.82735, 0.196112, -0.026678
-0.832667, 0.197959, -0.026368
-0.838372, 0.199855, -0.0264
-0.84401, 0.202869, -0.026714
-0.849871, 0.206157, -0.027099
-0.849871, 0.206157, -0.027099
-0.856493, 0.208517, -0.028072
-0.863425, 0.20961, -0.030474
-0.870183, 0.20876, -0.035057
-0.876302, 0.206626, -0.039858
-0.876302, 0.206626, -0.039858
-0.881649, 0.206121, -0.042463
-0.88678, 0.207231, -0.042882
-0.891877, 0.208203, -0.042389
-0.896829, 0.208363, -0.042435
-0.90153, 0.20785, -0.043558
-0.90153, 0.20785, -0.043558
-0.906037, 0.20728, -0.045242
-0.909955, 0.207027, -0.044785
-0.912953, 0.208216, -0.04114
-0.912953, 0.208216, -0.04114
-0.915324, 0.210487, -0.035174
-0.918026, 0.212153, -0.028737
-0.921034, 0.21239, -0.02322
-0.923644, 0.212093, -0.01801
-0.923644, 0.212093, -0.01801
-0.925549, 0.213492, -0.012271
-0.927725, 0.216406, -0.007295
-0.930988, 0.218192, -0.005376
-0.934917, 0.218461, -0.00553
-0.934917, 0.218461, -0.00553
-0.939141, 0.217466, -0.006714
-0.943436, 0.215753, -0.00833
-0.947573, 0.213664, -0.009198
-0.950958, 0.2132, -0.009452
-0.950958, 0.2132, -0.009452
-0.953974, 0.214455, -0.00984
-0.957306, 0.215083, -0.010919
-0.961046, 0.213657, -0.013961
-0.964651, 0.211369, -0.018707
-0.964651, 0.211369, -0.018707
-0.967999, 0.208687, -0.02307
-0.970846, 0.206579, -0.027738
-0.973102, 0.205284, -0.032421
-0.974886, 0.204502, -0.03445
-0.974886, 0.204502, -0.03445
-0.9762, 0.204338, -0.034393
-0.977233, 0.203771, -0.033644
-0.978097, 0.202426, -0.031238
-0.978674, 0.201606, -0.027148
-0.978918, 0.201887, -0.022581
-0.978918, 0.201887, -0.022581
-0.978922, 0.202978, -0.018214
-0.979078, 0.202864, -0.015516
0.979526, -0.200512, 0.015994
0.979729, -0.198719, 0.016536
0.979729, -0.198719, 0.016536
0.978474, -0.202778, 0.015744
0.977022, -0.205451, 0.017812
0.976631, -0.201886, 0.021215
0.976631, -0.201886, 0.021215
0.976618, -0.197715, 0.022439
0.976385, -0.197431, 0.020955
0.975838, -0.200172, 0.020096
0.975552, -0.200983, 0.02119
0.975552, -0.200983, 0.02119
0.975512, -0.200022, 0.022965
0.975202, -0.200047, 0.024349
0.974505, -0.202794, 0.025796
0.974009, -0.204839, 0.029092
0.974009, -0.204839, 0.029092
0.973675, -0.204385, 0.027437
0.973408, -0.204702, 0.02517
0.97335, -0.205495, 0.020855
0.974012, -0.204081, 0.01883
0.974012, -0.204081, 0.01883
0.974198, -0.204105, 0.018012
0.973897, -0.205023, 0.019037
0.973858, -0.203766, 0.021894
0.974054, -0.201418, 0.024351
0.974054, -0.201418, 0.024351
0.974153, -0.199527, 0.02591
0.974101, -0.197802, 0.026031
0.973892, -0.195942, 0.025581
0.973281, -0.194648, 0.023345
0.973281, -0.194648, 0.023345
0.972256, -0.192822, 0.02015
0.970835, -0.190313, 0.017702
0.968896, -0.189177, 0.015609
0.968896, -0.189177, 0.015609
0.966679, -0.189274, 0.009326
0.963058, -0.190516, -0.003976
0.958104, -0.191224, -0.018472
0.952488, -0.191601, -0.030066
0.952488, -0.191601, -0.030066
0.946676, -0.194838, -0.037017
0.940724, -0.199318, -0.04759
0.933168, -0.203678, -0.063387
0.924359, -0.205771, -0.079618
0.924359, -0.205771, -0.079618
0.914927, -0.207201, -0.092623
0.904891, -0.208782, -0.105818
0.893371, -0.211088, -0.120181
0.880485, -0.213682, -0.134273
0.880485, -0.213682, -0.134273
0.867573, -0.214519, -0.148079
0.853678, -0.215273, -0.16132
0.837909, -0.216318, -0.174125
0.819856, -0.217906, -0.188818
0.802668, -0.216802, -0.200987
0.802668, -0.216802, -0.200987
0.786973, -0.214216, -0.210067
0.770788, -0.210969, -0.21812
0.752771, -0.207624, -0.227106
0.752771, -0.207624, -0.227106
0.73229, -0.205989, -0.23811
0.709748, -0.203641, -0.249415
0.687454, -0.197817, -0.257752
0.666, -0.19195, -0.263874
0.666, -0.19195, -0.263874
0.64551, -0.189317, -0.268891
0.625969, -0.186562, -0.272444
0.607941, -0.182058, -0.275337
0.590723, -0.177109, -0.27836
0.590723, -0.177109, -0.27836
0.574414, -0.172739, -0.282228
0.558204, -0.168726, -0.285813
0.541593, -0.164618, -0.28869
0.525363, -0.161197, -0.291285
0.525363, -0.161197, -0.291285
0.510429, -0.156966, -0.292782
0.496458, -0.151659, -0.293128
0.482431, -0.146295, -0.29318
0.468992, -0.139938, -0.293411
0.468992, -0.139938, -0.293411
0.456662, -0.133947, -0.293178
0.445138, -0.129451, -0.291989
0.434614, -0.124338, -0.291675
0.434614, -0.124338, -0.291675
0.423999, -0.118748, -0.29285
0.411685, -0.113797, -0.294345
0.397727, -0.108899, -0.29446
0.384112, -0.104067, -0.295318
0.371609, -0.099359, -0.298026
0.371609, -0.099359, -0.298026
0.358611, -0.095755, -0.300499
0.3449, -0.093017, -0.301495
0.331661, -0.091461, -0.30146
0.331661, -0.091461, -0.30146
0.319356, -0.090727, -0.301271
0.307317, -0.089489, -0.301721
0.295126, -0.088307, -0.302621
0.284184, -0.087597, -0.303708
0.272919, -0.087566, -0.304507
0.272919, -0.087566, -0.304507
0.261639, -0.085871, -0.30489
0.253185, -0.083529, -0.304342
0.244654, -0.082468, -0.304788
0.244654, -0.082468, -0.304788
0.23559, -0.081281, -0.305252
0.227107, -0.080175, -0.305449
0.219543, -0.078264, -0.305197
0.21334, -0.076894, -0.303986
0.21334, -0.076894, -0.303986
0.207189, -0.076043, -0.302568
0.199206, -0.075256, -0.302469
0.189508, -0.07374, -0.302814
0.182025, -0.072407, -0.302293
0.182025, -0.072407, -0.302293
0.175651, -0.072685, -0.301044
0.168515, -0.073498, -0.299428
0.161263, -0.07214, -0.298197
0.153524, -0.069204, -0.298061
0.153524, -0.069204, -0.298061
0.143748, -0.06581, -0.297484
0.130823, -0.061941, -0.297572
0.118907, -0.057183, -0.296478
0.110039, -0.053483, -0.294962
0.110039, -0.053483, -0.294962
0.103278, -0.052395, -0.29466
0.098015, -0.053623, -0.295529
0.096474, -0.053852, -0.29416
0.095231, -0.053593, -0.291519
0.095231, -0.053593, -0.291519
0.091712, -0.051976, -0.28937
0.087362, -0.048553, -0.28792
0.083897, -0.042924, -0.285667
0.08128, -0.035705, -0.280377
0.08128, -0.035705, -0.280377
0.07866, -0.028729, -0.273139
0.076337, -0.023397, -0.264137
0.071675, -0.022367, -0.25247
0.065688, -0.021856, -0.241869
0.065688, -0.021856, -0.241869
0.060005, -0.019264, -0.234778
0.054704, -0.016758, -0.229652
0.049556, -0.017407, -0.225076
0.045239, -0.019343, -0.220759
0.045239, -0.019343, -0.220759
0.041719, -0.020123, -0.217
0.038254, -0.019303, -0.215277
0.035076, -0.018816, -0.214341
0.035076, -0.018816, -0.214341
0.032687, -0.018557, -0.213601
0.030905, -0.018169, -0.212325
0.030154, -0.017806, -0.210637
0.030144, -0.017787, -0.209265
0.030135, -0.017275, -0.208269
0.030135, -0.017275, -0.208269
0.029557, -0.015553, -0.206243
0.029304, -0.013237, -0.203919
0.029403, -0.011373, -0.201804
0.029403, -0.011373, -0.201804
0.029227, -0.010376, -0.20025
0.028283, -0.009874, -0.199074
0.027085, -0.008914, -0.198384
0.025852, -0.007498, -0.198252
0.025852, -0.007498, -0.198252
0.022754, -0.005683, -0.198161
0.02022, -0.004459, -0.198047
0.018056, -0.003094, -0.198127
0.01636, -0.002525, -0.198254
0.01636, -0.002525, -0.198254
0.014577, -0.002548, -0.199135
0.012274, -0.003048, -0.200508
0.009967, -0.003712, -0.202265
0.008251, -0.004151, -0.203402
0.008251, -0.004151, -0.203402
0.006565, -0.004603, -0.204175
0.004211, -0.004621, -0.204833
0.00181, -0.004627, -0.205087
-0.000267, -0.005613, -0.205163
-0.000267, -0.005613, -0.205163
-0.002307, -0.006686, -0.205509
-0.004987, -0.006893, -0.206196
-0.008053, -0.00637, -0.206698
-0.010953, -0.005132, -0.206796
-0.010953, -0.005132, -0.206796
-0.013557, -0.003998, -0.20669
-0.016541, -0.002722, -0.207227
-0.019815, -0.000998, -0.207978
-0.022559, 0.000813, -0.208525
-0.022559, 0.000813, -0.208525
-0.023987, 0.001859, -0.209043
-0.024066, 0.002394, -0.208979
-0.023278, 0.002715, -0.208231
-0.021716, 0.002557, -0.207422
-0.021716, 0.002557, -0.207422
-0.019869, 0.002124, -0.206979
-0.018414, 0.001877, -0.206761
-0.017023, 0.001916, -0.206582
-0.017023, 0.001916, -0.206582
-0.0152, 0.001899, -0.206141
-0.013087, 0.001995, -0.205808
-0.011451, 0.001961, -0.205785
-0.010461, 0.002145, -0.206025
-0.009641, 0.002333, -0.206605
-0.009641, 0.002333, -0.206605
-0.007984, 0.00252, -0.207306
-0.005335, 0.001877, -0.207802
-0.002466, 0.000533, -0.207893
0.000509, -0.00074, -0.20757
0.000509, -0.00074, -0.20757
0.003584, -0.00255, -0.207094
0.006364, -0.004482, -0.207423
0.008955, -0.006179, -0.208401
0.011875, -0.007749, -0.209399
0.011875, -0.007749, -0.209399
0.016116, -0.009836, -0.210565
0.021397, -0.0128, -0.211625
0.026795, -0.015568, -0.212524
0.031633, -0.018084, -0.213704
0.031633, -0.018084, -0.213704
0.036717, -0.02119, -0.215042
0.04309, -0.024686, -0.216197
0.051811, -0.029192, -0.21751
0.061213, -0.034827, -0.218803
0.061213, -0.034827, -0.218803
0.070337, -0.039825, -0.220348
0.079246, -0.042814, -0.222218
0.088724, -0.045166, -0.223765
0.088724, -0.045166, -0.223765
0.098843, -0.046986, -0.225341
0.10805, -0.048106, -0.22735
0.116033, -0.046594, -0.230008
0.124832, -0.043522, -0.233469
0.124832, -0.043522, -0.233469
0.134309, -0.04197, -0.236183
0.143207, -0.039933, -0.235991
0.154507, -0.039591, -0.235209
0.167641, -0.040442, -0.235412
0.167641, -0.040442, -0.235412
0.180742, -0.040841, -0.23596
0.192349, -0.03956, -0.235229
0.204894, -0.038038, -0.235069
0.219127, -0.038941, -0.235164
0.219127, -0.038941, -0.235164
0.232193, -0.041105, -0.234374
0.243953, -0.041526, -0.23341
0.257544, -0.039496, -0.231573
0.276466, -0.041271, -0.230564
0.276466, -0.041271, -0.230564
0.294059, -0.047048, -0.2311
0.30652, -0.0506, -0.231853
0.316697, -0.051318, -0.233108
0.326508, -0.050984, -0.236513
0.326508, -0.050984, -0.236513
0.337142, -0.051015, -0.239749
0.348426, -0.052262, -0.240492
0.361307, -0.053941, -0.238079
0.376762, -0.056516, -0.235407
0.376762, -0.056516, -0.235407
0.394891, -0.060415, -0.233441
0.414084, -0.065291, -0.232478
0.42925, -0.070024, -0.23182
0.440094, -0.073632, -0.232297
0.440094, -0.073632, -0.232297
0.45004, -0.075677, -0.233676
0.461303, -0.078613, -0.236877
0.473938, -0.082233, -0.239424
0.487019, -0.085908, -0.239296
0.487019, -0.085908, -0.239296
0.50091, -0.089171, -0.238198
0.516442, -0.09171, -0.237402
0.532549, -0.095227, -0.238033
0.548814, -0.099094, -0.238297
0.548814, -0.099094, -0.238297
0.566151, -0.101969, -0.236208
0.584309, -0.103479, -0.231486
0.602088, -0.105857, -0.227784
0.602088, -0.105857, -0.227784
0.619546, -0.109931, -0.226099
0.636408, -0.114667, -0.22537
0.652177, -0.118852, -0.224278
0.665027, -0.1218, -0.220894
0.67908, -0.124933, -0.214134
0.67908, -0.124933, -0.214134
0.695241, -0.130099, -0.207078
0.712636, -0.136471, -0.200969
0.730936, -0.142666, -0.194023
0.749462, -0.147531, -0.18284
0.749462, -0.147531, -0.18284
0.767717, -0.152722, -0.169405
0.785475, -0.159594, -0.157084
0.802017, -0.167357, -0.146023
0.818288, -0.174364, -0.134674
0.818288, -0.174364, -0.134674
0.833927, -0.180942, -0.122792
0.848133, -0.188234, -0.110605
0.859186, -0.196589, -0.099322
0.868407, -0.202825, -0.090537
0.868407, -0.202825, -0.090537
0.876582, -0.206811, -0.08678
0.884477, -0.208966, -0.084728
0.893241, -0.211188, -0.081322
0.902052, -0.213793, -0.077306
0.902052, -0.213793, -0.077306
0.910164, -0.217183, -0.073658
0.918123, -0.218874, -0.068289
0.925341, -0.219542, -0.061945
0.925341, -0.219542, -0.061945
0.931296, -0.221815, -0.055309
0.935905, -0.22499, -0.051195
0.939955, -0.227153, -0.049469
0.939955, -0.227153, -0.049469
0.944882, -0.226201, -0.046749
0.949982, -0.224238, -0.040844
0.954209, -0.225452, -0.035477
0.957315, -0.229642, -0.032735
0.960135, -0.231508, -0.028477
0.960135, -0.231508, -0.028477
0.962442, -0.232163, -0.023253
0.964364, -0.232496, -0.017219
0.965927, -0.233514, -0.013363
0.966731, -0.236439, -0.011335
0.966731, -0.236439, -0.011335
0.96685, -0.240726, -0.008926
0.967078, -0.244547, -0.006384
0.966814, -0.248876, -0.00266
0.966495, -0.252381, 0.001187
0.966495, -0.252381, 0.001187
0.965716, -0.257026, 0.004678
0.964404, -0.26317, 0.008689
0.962875, -0.269331, 0.013991
-0.960436, 0.277794, -0.019597
-0.960436, 0.277794, -0.019597
-0.957619, 0.286262, -0.025755
-0.955194, 0.291963, -0.032292
-0.952955, 0.296005, -0.038567
-0.950598, 0.300202, -0.043329
-0.950598, 0.300202, -0.043329
-0.948323, 0.303631, -0.048704
-0.94538, 0.307655, -0.053542
-0.942001, 0.311871, -0.057327
-0.942001, 0.311871, -0.057327
-0.939407, 0.314777, -0.058063
-0.937487, 0.316959, -0.058007
-0.935504, 0.319765, -0.058935
-0.933623, 0.322832, -0.060529
-0.932414, 0.324777, -0.060217
-0.932414, 0.324777, -0.060217
-0.93138, 0.326765, -0.058925
-0.930134, 0.32904, -0.058337
-0.928722, 0.331024, -0.058638
-0.928722, 0.331024, -0.058638
-0.926988, 0.333534, -0.059176
-0.925013, 0.336013, -0.060551
-0.923079, 0.337476, -0.062398
-0.921217, 0.338825, -0.064235
-0.919345, 0.340407, -0.066076
-0.919345, 0.340407, -0.066076
-0.91708, 0.343621, -0.066111
-0.91469, 0.347003, -0.063009
-0.912985, 0.346786, -0.058708
-0.911982, 0.345564, -0.050944
-0.911982, 0.345564, -0.050944
-0.910259, 0.345598, -0.045428
-0.908518, 0.345327, -0.042203
-0.906763, 0.345229, -0.041028
-0.906763, 0.345229, -0.041028
-0.904704, 0.345243, -0.04185
-0.902072, 0.344933, -0.043756
-0.898777, 0.344388, -0.045898
-0.895446, 0.343481, -0.046749
-0.895446, 0.343481, -0.046749
-0.892371, 0.342014, -0.047154
-0.888771, 0.340629, -0.04645
-0.883432, 0.340986, -0.04531
-0.876862, 0.342264, -0.044367
-0.870878, 0.34158, -0.045329
-0.870878, 0.34158, -0.045329
-0.865765, 0.338195, -0.048784
-0.860327, 0.334499, -0.053669
-0.854075, 0.331901, -0.059119
-0.854075, 0.331901, -0.059119
-0.847194, 0.328926, -0.064742
-0.840444, 0.324121, -0.072324
-0.833556, 0.319387, -0.078494
-0.826193, 0.317851, -0.082776
-0.819735, 0.316796, -0.084957
-0.819735, 0.316796, -0.084957
-0.813645, 0.312756, -0.086278
-0.807765, 0.303766, -0.088903
-0.800896, 0.297523, -0.09215
-0.793443, 0.296903, -0.093803
-0.793443, 0.296903, -0.093803
-0.786455, 0.297467, -0.093128
-0.778825, 0.294581, -0.090999
-0.769832, 0.287761, -0.086668
-0.760398, 0.282837, -0.082826
-0.760398, 0.282837, -0.082826
-0.751389, 0.284332, -0.079138
-0.743705, 0.287687, -0.075875
-0.735932, 0.288598, -0.074611
-0.735932, 0.288598, -0.074611
-0.727737, 0.285768, -0.075741
-0.720177, 0.279633, -0.078407
-0.714167, 0.273449, -0.081409
-0.709811, 0.26838, -0.085446
-0.709811, 0.26838, -0.085446
-0.705496, 0.264458, -0.090044
-0.699027, 0.260992, -0.093979
-0.690408, 0.25751, -0.096522
-0.681729, 0.254467, -0.098127
-0.681729, 0.254467, -0.098127
-0.674143, 0.252299, -0.100357
-0.667191, 0.249944, -0.104584
-0.660362, 0.24627, -0.10949
-0.653339, 0.243121, -0.114907
-0.645783, 0.239412, -0.119846
-0.645783, 0.239412, -0.119846
-0.638458, 0.235747, -0.123957
-0.631578, 0.232288, -0.127034
-0.624584, 0.228192, -0.12918
-0.624584, 0.228192, -0.12918
-0.618367, 0.224644, -0.130842
-0.612275, 0.222195, -0.132103
-0.605008, 0.220033, -0.13282
-0.596861, 0.215732, -0.133634
-0.596861, 0.215732, -0.133634
-0.587761, 0.209696, -0.134633
-0.576911, 0.203437, -0.135329
-0.563908, 0.195659, -0.137405
-0.550475, 0.185637, -0.141726
-0.550475, 0.185637, -0.141726
-0.53811, 0.172304, -0.147917
-0.527595, 0.157511, -0.154248
-0.518757, 0.141702, -0.160256
-0.511423, 0.129061, -0.164059
-0.511423, 0.129061, -0.164059
-0.504017, 0.12029, -0.16522
-0.494752, 0.112836, -0.164584
-0.482902, 0.103971, -0.164896
-0.467922, 0.0946, -0.169078
-0.467922, 0.0946, -0.169078
-0.451646, 0.086927, -0.174018
-0.43751, 0.081126, -0.175614
-0.425056, 0.075416, -0.175458
-0.411557, 0.067738, -0.176877
-0.411557, 0.067738, -0.176877
-0.394635, 0.057261, -0.181323
-0.374887, 0.046905, -0.187223
-0.353808, 0.038555, -0.192515
-0.332573, 0.033141, -0.195591
-0.332573, 0.033141, -0.195591
-0.312112, 0.030011, -0.197551
-0.293788, 0.028247, -0.199069
-0.279013, 0.025306, -0.201141
-0.266223, 0.02078, -0.203532
-0.266223, 0.02078, -0.203532
-0.253143, 0.015349, -0.205186
-0.237545, 0.009156, -0.207038
-0.219871, 0.001691, -0.210593
-0.201243, -0.005892, -0.215832
-0.201243, -0.005892, -0.215832
-0.183009, -0.012414, -0.220269
-0.166227, -0.018049, -0.223321
-0.150988, -0.023191, -0.226024
-0.136737, -0.027633, -0.228529
-0.136737, -0.027633, -0.228529
-0.122839, -0.031132, -0.231456
-0.109292, -0.03545, -0.235563
-0.096286, -0.040592, -0.241414
-0.084369, -0.045512, -0.248233
-0.084369, -0.045512, -0.248233
-0.074204, -0.049629, -0.254312
-0.065696, -0.052039, -0.258964
-0.059229, -0.052425, -0.262706
-0.055325, -0.050981, -0.266172
-0.055325, -0.050981, -0.266172
-0.053803, -0.048359, -0.27057
-0.053593, -0.045546, -0.276781
-0.053751, -0.042432, -0.284292
-0.053177, -0.038701, -0.289363
-0.053177, -0.038701, -0.289363
-0.051814, -0.035582, -0.292663
-0.050266, -0.033659, -0.295407
-0.048883, -0.033656, -0.299182
-0.044818, -0.034413, -0.303838
-0.044818, -0.034413, -0.303838
-0.039537, -0.034869, -0.306306
-0.034769, -0.034051, -0.307498
-0.032284, -0.032512, -0.310067
-0.032284, -0.032512, -0.310067
-0.030627, -0.030066, -0.312855
-0.026983, -0.030445, -0.309112
-0.023434, -0.031473, -0.306929
-0.021833, -0.031028, -0.307894
-0.021833, -0.031028, -0.307894
-0.023669, -0.027948, -0.309176
-0.026672, -0.024391, -0.309597
-0.028289, -0.022225, -0.310082
-0.02851, -0.021152, -0.311307
-0.02851, -0.021152, -0.311307
-0.028144, -0.019532, -0.313681
-0.027861, -0.017005, -0.316728
-0.027126, -0.0137, -0.318492
-0.026093, -0.010721, -0.319582
-0.025266, -0.008388, -0.320808
-0.025266, -0.008388, -0.320808
-0.024365, -0.007451, -0.322224
-0.022864, -0.007318, -0.324039
-0.020798, -0.0067, -0.325996
-0.018488, -0.00564, -0.327029
-0.018488, -0.00564, -0.327029
-0.016243, -0.004774, -0.327524
-0.014984, -0.004807, -0.328566
-0.014353, -0.005835, -0.33064
-0.013219, -0.007673, -0.333296
-0.013219, -0.007673, -0.333296
-0.011638, -0.009716, -0.335081
-0.010172, -0.010746, -0.336467
-0.008906, -0.010791, -0.337122
-0.007865, -0.010777, -0.33707
-0.007865, -0.010777, -0.33707
-0.007183, -0.011101, -0.337226
-0.00517, -0.011754, -0.337548
-0.002925, -0.012636, -0.337608
-0.002925, -0.012636, -0.337608
-0.0009, -0.013021, -0.337365
0.000301, -0.013158, -0.336654
0.001071, -0.013326, -0.335984
0.001909, -0.013752, -0.335257
0.001909, -0.013752, -0.335257
0.002677, -0.01422, -0.334528
0.003494, -0.014786, -0.33389
0.00413, -0.015919, -0.333313
0.004462, -0.017479, -0.333082
0.004462, -0.017479, -0.333082
0.005399, -0.018201, -0.332936
0.006998, -0.018242, -0.332541
0.008866, -0.017725, -0.332232
0.010596, -0.017207, -0.33208
0.010596, -0.017207, -0.33208
0.0118, -0.017036, -0.331862
0.012655, -0.01711, -0.33129
0.013593, -0.017199, -0.330404
0.014653, -0.017066, -0.329169
0.01551, -0.017126, -0.327671
0.01551, -0.017126, -0.327671
0.016155, -0.017904, -0.325525
0.015838, -0.019789, -0.322885
0.016006, -0.020385, -0.321819
0.016006, -0.020385, -0.321819
0.017395, -0.02052, -0.321921
0.019104, -0.020129, -0.321759
0.020956, -0.019421, -0.321501
0.022287, -0.018002, -0.320827
0.022287, -0.018002, -0.320827
0.022482, -0.016, -0.319875
0.022695, -0.014371, -0.319297
0.024129, -0.013456, -0.318753
0.02712, -0.013464, -0.31857
0.02712, -0.013464, -0.31857
0.030809, -0.014452, -0.319647
0.035513, -0.016645, -0.322422
0.041744, -0.019884, -0.324791
0.049418, -0.023145, -0.326504
0.049418, -0.023145, -0.326504
0.059491, -0.024531, -0.325936
0.070519, -0.024427, -0.324175
0.077982, -0.023903, -0.321776
0.080413, -0.023965, -0.318865
0.080413, -0.023965, -0.318865
0.079435, -0.025005, -0.314597
0.076451, -0.025582, -0.308075
0.071403, -0.025893, -0.299523
0.066079, -0.025817, -0.29081
0.066079, -0.025817, -0.29081
0.062609, -0.025111, -0.282711
0.061167, -0.024281, -0.274097
0.059601, -0.022053, -0.263579
0.059601, -0.022053, -0.263579
0.055843, -0.02009, -0.251947
0.049923, -0.018337, -0.239914
0.042435, -0.017735, -0.228901
0.035601, -0.016794, -0.218417
0.035601, -0.016794, -0.218417
0.029823, -0.016009, -0.206929
0.023989, -0.015165, -0.192932
0.018154, -0.013388, -0.177626
0.012145, -0.01102, -0.162335
0.006686, -0.007667, -0.148117
0.006686, -0.007667, -0.148117
0.001849, -0.004926, -0.132462
-0.002974, -0.002493, -0.113549
-0.008157, -9E-06, -0.092704
-0.008157, -9E-06, -0.092704
-0.015344, 0.000836, -0.070946
-0.022201, 0.001423, -0.049738
-0.025789, 0.004012, -0.031507
-0.026163, 0.00768, -0.015618
-0.026163, 0.00768, -0.015618
-0.021792, 0.009909, 0.002277
-0.015359, 0.011409, 0.022734
-0.009676, 0.013235, 0.044507
-0.005105, 0.015187, 0.06506
-0.005105, 0.015187, 0.06506
-0.000944, 0.014975, 0.081428
0.003244, 0.013839, 0.093033
0.006348, 0.012422, 0.103426
0.008102, 0.010507, 0.115673
0.008102, 0.010507, 0.115673
0.009592, 0.008673, 0.129098
0.011599, 0.007378, 0.142095
0.014042, 0.004786, 0.155779
0.014385, 0.000397, 0.170644
0.014385, 0.000397, 0.170644
0.012122, -0.003942, 0.186008
0.009333, -0.005593, 0.20129
0.007206, -0.005628, 0.218256
0.005219, -0.005732, 0.237048
0.005219, -0.005732, 0.237048
0.002965, -0.007134, 0.256756
0.001708, -0.009675, 0.275146
0.001267, -0.010503, 0.290454
0.001367, -0.010133, 0.303751
0.001367, -0.010133, 0.303751
0.000335, -0.015141, 0.317886
-0.001835, -0.01785, 0.330775
-0.004493, -0.021401, 0.341939
-0.007079, -0.024425, 0.352792
-0.007079, -0.024425, 0.352792
-0.011228, -0.023825, 0.364367
-0.016791, -0.021414, 0.376786
-0.024482, -0.018705, 0.389878
-0.032776, -0.015554, 0.4035
-0.032776, -0.015554, 0.4035
-0.04053, -0.012013, 0.417567
-0.04665, -0.008907, 0.431101
-0.050603, -0.006355, 0.443338
-0.050603, -0.006355, 0.443338
-0.054811, -0.002347, 0.453349
-0.058831, -0.006794, 0.462243
-0.064267, -0.009793, 0.467857
-0.070292, -0.013993, 0.470597
-0.071339, -0.015097, 0.475552
-0.071339, -0.015097, 0.475552
-0.06153, -0.010033, 0.489376
-0.049017, 0.003457, 0.503037
-0.040176, 0.015801, 0.511653
-0.033623, 0.021565, 0.516613
-0.033623, 0.021565, 0.516613
-0.028579, 0.017952, 0.520654
-0.030563, 0.003628, 0.526143
-0.041329, -0.010064, 0.532907
-0.054329, -0.019582, 0.540714
-0.054329, -0.019582, 0.540714
-0.060963, -0.02017, 0.550196
-0.062875, -0.016032, 0.558011
-0.064505, -0.01218, 0.565051
-0.064505, -0.01218, 0.565051
-0.069156, -0.012475, 0.575036
-0.075541, -0.014773, 0.586547
-0.082136, -0.01795, 0.599254
-0.089875, -0.021386, 0.616054
-0.089875, -0.021386, 0.616054
-0.098186, -0.024528, 0.635579
-0.104942, -0.026029, 0.656977
-0.110325, -0.02614, 0.678912
-0.11284, -0.028691, 0.699588
-0.11284, -0.028691, 0.699588
-0.11601, -0.032505, 0.717426
-0.118327, -0.034644, 0.731927
-0.112299, -0.034652, 0.744516
-0.10094, -0.033105, 0.755398
-0.10094, -0.033105, 0.755398
-0.089791, -0.028529, 0.764657
-0.082718, -0.021145, 0.77322
-0.078826, -0.013867, 0.780441
-0.075509, -0.009929, 0.787484
-0.072805, -0.010381, 0.795038
-0.072805, -0.010381, 0.795038
-0.070309, -0.014263, 0.802345
-0.066542, -0.020288, 0.809387
-0.062316, -0.026791, 0.816484
-0.062316, -0.026791, 0.816484
-0.057895, -0.033677, 0.823074
-0.054753, -0.042177, 0.828852
-0.052477, -0.052131, 0.835099
-0.053756, -0.060354, 0.840852
-0.053756, -0.060354, 0.840852
-0.055326, -0.066786, 0.845815
-0.052394, -0.075007, 0.849955
-0.046125, -0.087374, 0.852407
-0.044763, -0.099028, 0.852785
-0.044763, -0.099028, 0.852785
-0.045632, -0.106426, 0.853719
-0.04804, -0.108145, 0.857485
-0.048135, -0.109676, 0.864836
-0.050112, -0.108296, 0.87156
-0.050112, -0.108296, 0.87156
-0.050067, -0.103523, 0.875323
-0.049125, -0.096142, 0.878505
-0.049961, -0.090557, 0.882358
-0.049961, -0.090557, 0.882358
-0.049594, -0.087764, 0.887916
-0.045651, -0.086961, 0.893853
-0.046258, -0.077848, 0.901499
-0.045857, -0.064505, 0.910176
-0.045857, -0.064505, 0.910176
-0.040354, -0.054779, 0.916111
-0.035938, -0.045694, 0.920653
-0.036097, -0.038642, 0.924394
-0.039434, -0.034952, 0.928251
-0.044474, -0.034554, 0.933255
-0.044474, -0.034554, 0.933255
-0.049929, -0.033404, 0.938615
-0.053809, -0.030949, 0.943352
-0.055457, -0.028159, 0.946828
-0.055457, -0.028159, 0.946828
-0.05724, -0.025839, 0.9498
-0.059505, -0.024258, 0.953053
-0.060971, -0.023275, 0.956286
-0.060638, -0.022568, 0.959168
-0.060638, -0.022568, 0.959168
-0.060116, -0.021266, 0.961742
-0.058853, -0.018904, 0.964007
-0.056499, -0.01529, 0.966105
-0.05358, -0.011531, 0.968276
-0.05057, -0.010255, 0.970203
-0.05057, -0.010255, 0.970203
-0.047206, -0.011514, 0.972007
-0.044498, -0.012962, 0.973943
-0.042894, -0.013164, 0.976026
-0.042894, -0.013164, 0.976026
-0.041914, -0.012154, 0.977947
-0.042059, -0.009751, 0.979671
-0.043196, -0.006456, 0.981193
-0.043196, -0.006456, 0.981193
-0.044473, -0.004717, 0.982768
-0.046027, -0.004611, 0.984526
-0.045949, -0.004388, 0.986223
-0.04432, -0.001778, 0.987942
-0.04432, -0.001778, 0.987942
-0.042571, 0.001742, 0.989351
-0.043665, 0.005156, 0.990373
-0.049882, 0.009293, 0.991185
-0.058797, 0.015921, 0.991812
-0.058797, 0.015921, 0.991812
-0.065898, 0.024752, 0.992079
-0.070834, 0.034746, 0.992054
-0.074383, 0.044736, 0.991826
-0.078211, 0.053649, 0.991628
-0.078211, 0.053649, 0.991628
-0.081504, 0.059822, 0.991683
-0.081438, 0.061551, 0.992051
-0.078401, 0.060595, 0.992475
-0.075126, 0.059955, 0.992794
-0.075126, 0.059955, 0.992794
-0.073636, 0.059075, 0.993084
-0.071341, 0.055598, 0.993566
-0.069146, 0.0511, 0.994102
-0.069311, 0.047918, 0.994578
-0.069311, 0.047918, 0.994578
-0.069042, 0.045145, 0.995111
-0.065749, 0.039515, 0.995764
-0.063225, 0.031244, 0.996369
-0.064842, 0.022217, 0.996801
-0.064842, 0.022217, 0.996801
-0.068235, 0.014888, 0.997205
-0.068159, 0.008732, 0.997561
-0.066916, 0.003795, 0.997751
0.069605, 0.000412, -0.997474
0.077477, 0.005816, -0.996312
0.077477, 0.005816, -0.996312
0.082621, 0.01127, -0.994527
0.07891, 0.015453, -0.993241
0.073979, 0.018124, -0.992616
0.075555, 0.018653, -0.991845
0.075555, 0.018653, -0.991845
0.08226, 0.016553, -0.99065
0.091395, 0.010112, -0.988999
0.100134, -0.000724, -0.986594
0.100134, -0.000724, -0.986594
0.105228, -0.011823, -0.983915
0.106494, -0.020724, -0.981614
0.109205, -0.027362, -0.979412
0.110233, -0.032774, -0.97807
0.110233, -0.032774, -0.97807
0.102335, -0.038204, -0.97718
0.100165, -0.041817, -0.975189
0.103457, -0.046864, -0.972718
0.103833, -0.054258, -0.97071
0.104189, -0.057543, -0.969562
0.104189, -0.057543, -0.969562
0.102201, -0.062884, -0.9689
0.09888, -0.06518, -0.968321
0.097216, -0.066608, -0.966756
0.097216, -0.066608, -0.966756
0.099517, -0.06966, -0.964225
0.108421, -0.075049, -0.960313
0.119184, -0.080861, -0.956318
0.127115, -0.084371, -0.953336
0.127115, -0.084371, -0.953336
0.127685, -0.085113, -0.951987
0.125253, -0.085163, -0.95125
0.124979, -0.084288, -0.950006
0.1247, -0.081442, -0.948449
0.1247, -0.081442, -0.948449
0.117915, -0.077376, -0.947207
0.112007, -0.074982, -0.944888
0.10514, -0.06904, -0.942534
0.09894, -0.061876, -0.940142
0.096317, -0.05644, -0.937406
0.096317, -0.05644, -0.937406
0.09956, -0.053299, -0.93383
0.111159, -0.052806, -0.928729
0.119959, -0.052015, -0.923767
0.119959, -0.052015, -0.923767
0.122896, -0.050891, -0.91851
0.122442, -0.048998, -0.911918
0.120968, -0.046924, -0.902795
0.119031, -0.044763, -0.893301
0.11816, -0.043219, -0.884108
0.11816, -0.043219, -0.884108
0.119477, -0.043215, -0.874272
0.122605, -0.045144, -0.861686
0.126815, -0.047436, -0.845495
0.129416, -0.047587, -0.829098
0.129416, -0.047587, -0.829098
0.12794, -0.047404, -0.815647
0.123572, -0.04845, -0.804096
0.119211, -0.048056, -0.791148
0.119211, -0.048056, -0.791148
0.118121, -0.044135, -0.776244
0.121826, -0.037254, -0.758119
0.124886, -0.031269, -0.737854
0.121548, -0.03079, -0.71957
0.121548, -0.03079, -0.71957
0.119618, -0.029323, -0.703295
0.119909, -0.027457, -0.684053
0.118337, -0.025763, -0.663857
0.116362, -0.021603, -0.646564
0.116362, -0.021603, -0.646564
0.113649, -0.018323, -0.629062
0.109086, -0.017243, -0.610272
0.104659, -0.018788, -0.592974
0.10119, -0.01999, -0.575983
0.097067, -0.021204, -0.557332
0.097067, -0.021204, -0.557332
0.095174, -0.021569, -0.540864
0.095332, -0.022534, -0.527005
0.093382, -0.025972, -0.514459
0.093382, -0.025972, -0.514459
0.091825, -0.026651, -0.506043
0.09256, -0.025671, -0.499468
0.094012, -0.026356, -0.492912
0.093322, -0.028912, -0.487181
0.093322, -0.028912, -0.487181
0.090683, -0.030559, -0.48345
0.085697, -0.032303, -0.481684
0.08179, -0.033169, -0.482318
0.08187, -0.044915, -0.483752
0.08187, -0.044915, -0.483752
0.086216, -0.053962, -0.48289
0.088524, -0.061261, -0.479795
0.090928, -0.063702, -0.471053
0.090937, -0.066246, -0.462474
0.090937, -0.066246, -0.462474
0.0906, -0.065307, -0.454265
0.087958, -0.059383, -0.446052
0.083874, -0.05007, -0.438601
0.081883, -0.041949, -0.431041
0.081883, -0.041949, -0.431041
0.084631, -0.034676, -0.422281
0.087607, -0.027244, -0.412928
0.087576, -0.020157, -0.405235
0.087576, -0.020157, -0.405235
0.081234, -0.012301, -0.397775
0.074977, -0.004739, -0.390963
0.070135, 0.001021, -0.382647
0.066857, 0.005055, -0.372809
0.066857, 0.005055, -0.372809
0.063189, 0.00775, -0.361543
0.063189, 0.00775, -0.361543
0.05609, 0.011685, -0.332373
0.051957, 0.014107, -0.314416
0.047084, 0.017832, -0.29758
0.047084, 0.017832, -0.29758
0.041888, 0.022172, -0.281827
0.038252, 0.024145, -0.265663
0.036186, 0.02501, -0.246043
0.032877, 0.025884, -0.225569
0.032877, 0.025884, -0.225569
0.02838, 0.026754, -0.20941
0.023497, 0.029085, -0.198132
0.019626, 0.031415, -0.18926
0.015882, 0.03319, -0.181282
0.015882, 0.03319, -0.181282
0.012178, 0.034347, -0.172783
0.00879, 0.033988, -0.164751
0.006057, 0.032785, -0.158696
0.004158, 0.0317, -0.155034
0.004158, 0.0317, -0.155034
0.003781, 0.030632, -0.152458
0.004038, 0.029815, -0.149083
0.004996, 0.02759, -0.143761
0.006635, 0.024553, -0.139265
0.006635, 0.024553, -0.139265
0.007962, 0.022414, -0.135634
0.008646, 0.021677, -0.133989
0.00883, 0.021961, -0.13348
0.009542, 0.022137, -0.133485
0.009542, 0.022137, -0.133485
0.010797, 0.021716, -0.133859
0.012146, 0.021412, -0.134962
0.012622, 0.021763, -0.136775
0.011984, 0.02387, -0.139288
0.011984, 0.02387, -0.139288
0.011772, 0.027364, -0.143859
0.013408, 0.029587, -0.149164
0.015445, 0.029823, -0.152797
0.015445, 0.029823, -0.152797
0.01614, 0.028671, -0.15371
0.01593, 0.02706, -0.152937
0.015424, 0.025598, -0.151056
0.015076, 0.024906, -0.147979
0.015076, 0.024906, -0.147979
0.014579, 0.024101, -0.144952
0.013842, 0.023743, -0.142929
0.013176, 0.022988, -0.141054
0.012349, 0.022915, -0.13911
0.012349, 0.022915, -0.13911
0.011475, 0.023697, -0.137529
0.010614, 0.024427, -0.136903
0.010113, 0.025325, -0.138364
0.00962, 0.027104, -0.14207
0.00962, 0.027104, -0.14207
0.00866, 0.028897, -0.148311
0.007956, 0.030919, -0.156449
0.007799, 0.031948, -0.166277
0.007311, 0.029331, -0.178224
0.007311, 0.029331, -0.178224
0.006812, 0.019522, -0.193651
0.006354, 0.008291, -0.212793
0.004719, 0.001143, -0.233923
0.001833, 0.00429, -0.251347
0.001833, 0.00429, -0.251347
-0.000442, 0.007162, -0.267433
-0.001897, 0.005706, -0.283518
-0.001603, 0.000356, -0.300423
0.001238, -0.008121, -0.319074
0.001238, -0.008121, -0.319074
0.006121, -0.016189, -0.338422
0.011995, -0.024783, -0.358961
0.015316, -0.034601, -0.379385
0.018399, -0.040807, -0.397379
0.018399, -0.040807, -0.397379
0.020893, -0.0476, -0.414818
0.02126, -0.049732, -0.433032
0.020117, -0.044575, -0.451782
0.018005, -0.038084, -0.470593
0.018005, -0.038084, -0.470593
0.017414, -0.032978, -0.489688
0.014478, -0.028231, -0.505701
0.011267, -0.019181, -0.518221
0.011267, -0.019181, -0.518221
0.010876, -0.009491, -0.530384
0.01205, -0.005546, -0.545399
0.011277, -0.008176, -0.564271
0.00872, -0.011257, -0.5864
0.005545, -0.00965, -0.607781
0.005545, -0.00965, -0.607781
7.2E-05, -0.00486, -0.627225
-0.006703, 0.000353, -0.646782
-0.013337, 0.003092, -0.668957
-0.014806, 0.003594, -0.694576
-0.014806, 0.003594, -0.694576
-0.014264, -0.000304, -0.720119
-0.013992, -0.007481, -0.744112
-0.01331, -0.014689, -0.766951
-0.009851, -0.020037, -0.78787
-0.009851, -0.020037, -0.78787
-0.001049, -0.022351, -0.806004
0.011292, -0.022569, -0.820817
0.021041, -0.022423, -0.83288
0.021041, -0.022423, -0.83288
0.027811, -0.0208, -0.843909
0.030862, -0.018845, -0.855655
0.033838, -0.014547, -0.867988
0.034971, -0.006511, -0.879215
0.034013, 0.003059, -0.888016
0.034013, 0.003059, -0.888016
0.033239, 0.01325, -0.894186
0.033059, 0.017514, -0.898247
0.035872, 0.015632, -0.901822
0.039398, 0.011593, -0.905646
0.039398, 0.011593, -0.905646
0.040848, 0.009264, -0.909761
0.040593, 0.010565, -0.914596
0.038389, 0.012205, -0.919889
0.038389, 0.012205, -0.919889
0.035072, 0.013708, -0.924578
0.032562, 0.015269, -0.928573
0.031052, 0.017421, -0.931851
0.029088, 0.020702, -0.934619
0.029088, 0.020702, -0.934619
0.025028, 0.023197, -0.937127
0.019965, 0.023625, -0.939648
0.011236, 0.023212, -0.94211
0.004011, 0.025199, -0.94508
0.004011, 0.025199, -0.94508
0.003539, 0.025672, -0.948706
0.007348, 0.024015, -0.951997
0.012418, 0.020365, -0.95437
0.015364, 0.018505, -0.956941
0.015364, 0.018505, -0.956941
0.016353, 0.019779, -0.959747
0.017959, 0.022781, -0.962878
0.021861, 0.024506, -0.966525
0.028635, 0.023288, -0.970171
0.028635, 0.023288, -0.970171
0.036168, 0.018946, -0.973357
0.043683, 0.011713, -0.975869
0.049068, 0.002747, -0.977604
0.051162, -0.009944, -0.97908
0.051162, -0.009944, -0.97908
0.053113, -0.02096, -0.981049
0.050664, -0.028708, -0.983521
0.051328, -0.034433, -0.985653
0.052305, -0.037511, -0.987422
0.052305, -0.037511, -0.987422
0.051578, -0.037247, -0.989192
0.048939, -0.034913, -0.991187
0.045521, -0.030214, -0.993259
0.045521, -0.030214, -0.993259
0.043631, -0.024303, -0.995063
0.044345, -0.017513, -0.996553
0.046637, -0.009619, -0.997743
0.049016, -0.001131, -0.998471
0.049016, -0.001131, -0.998471
0.05113, 0.007121, -0.998661
-0.051737, -0.014256, 0.998354
-0.050289, -0.021801, 0.997586
-0.048059, -0.02933, 0.99659
-0.048059, -0.02933, 0.99659
-0.046828, -0.032956, 0.995584
-0.045472, -0.033596, 0.994621
-0.042839, -0.034361, 0.993461
-0.038609, -0.035444, 0.992299
-0.038609, -0.035444, 0.992299
-0.033268, -0.035323, 0.99145
-0.027873, -0.03379, 0.990976
-0.0224, -0.032436, 0.990683
-0.018617, -0.031752, 0.990139
-0.018617, -0.031752, 0.990139
-0.015309, -0.03443, 0.987583
-0.016408, -0.038425, 0.984409
-0.021186, -0.038096, 0.981843
-0.024116, -0.038571, 0.979613
-0.024116, -0.038571, 0.979613
-0.024367, -0.041745, 0.977114
-0.023563, -0.042765, 0.973855
-0.020496, -0.040273, 0.970074
-0.01886, -0.03675, 0.965561
-0.01886, -0.03675, 0.965561
-0.025139, -0.032548, 0.961323
-0.036861, -0.028673, 0.957723
-0.04455, -0.026143, 0.953959
-0.04455, -0.026143, 0.953959
-0.045589, -0.023304, 0.949826
-0.041481, -0.019743, 0.94686
-0.034575, -0.015736, 0.944162
-0.027054, -0.011849, 0.940743
-0.019438, -0.009412, 0.937109
-0.019438, -0.009412, 0.937109
-0.012884, -0.00854, 0.933706
-0.008968, -0.009682, 0.930202
-0.007614, -0.016066, 0.926132
-0.007614, -0.016066, 0.926132
-0.004086, -0.031886, 0.921564
-0.003431, -0.06111, 0.91602
-0.008746, -0.098315, 0.908976
-0.01756, -0.112278, 0.904403
-0.016929, -0.108061, 0.902673
-0.016929, -0.108061, 0.902673
-0.009021, -0.093144, 0.902443
-0.001179, -0.072769, 0.902126
0.00922, -0.055312, 0.89987
0.00922, -0.055312, 0.89987
0.020307, -0.044782, 0.896559
0.025025, -0.038673, 0.892916
0.023614, -0.036629, 0.888978
0.01802, -0.035263, 0.884809
0.01802, -0.035263, 0.884809
0.010361, -0.032894, 0.879781
0.00211, -0.031863, 0.87252
-0.007387, -0.029028, 0.86366
-0.01555, -0.025197, 0.85191
-0.01555, -0.025197, 0.85191
-0.020572, -0.022057, 0.838645
-0.022688, -0.021663, 0.827143
-0.024937, -0.022307, 0.816634
-0.030315, -0.02034, 0.805164
-0.030315, -0.02034, 0.805164
-0.036377, -0.019299, 0.792606
-0.040202, -0.021932, 0.780283
-0.040797, -0.026234, 0.768045
-0.040099, -0.028546, 0.753952
-0.040099, -0.028546, 0.753952
-0.039262, -0.030999, 0.738104
-0.038371, -0.036305, 0.721815
-0.038158, -0.041774, 0.706481
-0.036811, -0.048954, 0.691855
-0.036811, -0.048954, 0.691855
-0.035941, -0.057563, 0.676645
-0.037032, -0.066786, 0.659353
-0.037031, -0.073894, 0.642533
-0.03166, -0.077963, 0.630054
-0.03166, -0.077963, 0.630054
-0.022096, -0.078789, 0.621163
-0.016259, -0.070512, 0.61316
-0.011794, -0.058017, 0.599148
-0.011794, -0.058017, 0.599148
-0.006413, -0.050239, 0.582735
-0.001883, -0.052115, 0.569292
-0.001742, -0.055947, 0.562546
-0.004197, -0.053864, 0.557061
-0.004197, -0.053864, 0.557061
-0.005178, -0.048482, 0.551329
-0.007088, -0.043467, 0.542326
-0.009621, -0.039168, 0.528131
-0.011894, -0.031121, 0.511392
-0.011894, -0.031121, 0.511392
-0.013593, -0.020606, 0.495075
-0.014578, -0.013349, 0.479319
-0.014529, -0.009541, 0.463977
-0.013333, -0.004803, 0.444725
-0.012055, 0.002278, 0.420086
-0.012055, 0.002278, 0.420086
-0.010846, 0.008996, 0.396728
-0.009703, 0.009119, 0.382528
-0.008478, 0.005133, 0.371502
-0.008478, 0.005133, 0.371502
-0.007116, 0.001962, 0.356075
-0.005969, -0.000493, 0.331144
-0.005279, -0.001122, 0.2964
-0.004939, 0.00121, 0.259402
-0.004939, 0.00121, 0.259402
-0.005203, 0.001845, 0.229167
-0.007281, 4E-06, 0.207603
-0.007972, 0.000452, 0.185645
-0.007788, 0.004237, 0.16037
-0.007788, 0.004237, 0.16037
-0.0135, 0.011752, 0.1095
-0.0135, 0.011752, 0.1095
-0.018478, 0.011491, 0.090071
-0.02004, 0.009485, 0.075761
-0.02004, 0.009485, 0.075761
-0.01689, 0.008496, 0.061441
-0.010235, 0.012631, 0.040313
-0.002873, 0.019773, 0.01505
0.004069, 0.026618, -0.010565
0.004069, 0.026618, -0.010565
0.008692, 0.02981, -0.031539
0.011778, 0.031541, -0.048474
0.013614, 0.030981, -0.06393
0.017843, 0.027976, -0.077069
0.017843, 0.027976, -0.077069
0.024974, 0.023242, -0.08953
0.029877, 0.019753, -0.101452
0.031286, 0.016964, -0.112792
0.031591, 0.012702, -0.1222
0.031591, 0.012702, -0.1222
0.033187, 0.005856, -0.131099
0.036134, -0.001319, -0.140928
0.037426, -0.004388, -0.151406
0.037327, -0.00483, -0.16192
0.037327, -0.00483, -0.16192
0.036905, -0.00465, -0.172072
0.036119, -0.003391, -0.181199
0.033698, -0.000225, -0.189425
0.02904, 0.004416, -0.197292
0.02904, 0.004416, -0.197292
0.025021, 0.003922, -0.209351
0.028018, -0.002824, -0.226868
0.037457, -0.011683, -0.244984
0.049568, -0.024767, -0.259938
0.049568, -0.024767, -0.259938
0.057689, -0.042757, -0.270322
0.060203, -0.048096, -0.276922
0.057648, -0.041735, -0.282359
0.054325, -0.032281, -0.290367
0.054325, -0.032281, -0.290367
0.052115, -0.026439, -0.299344
0.050991, -0.021212, -0.306993
0.050721, -0.013883, -0.31137
0.050721, -0.013883, -0.31137
0.051581, -0.008448, -0.313348
0.052044, -0.008038, -0.313923
0.051283, -0.00936, -0.313833
0.049398, -0.009745, -0.312691
0.047982, -0.00968, -0.31051
0.047982, -0.00968, -0.31051
0.046356, -0.010049, -0.307663
0.043731, -0.010242, -0.305419
0.04014, -0.00831, -0.303125
0.034135, -0.005647, -0.300781
0.034135, -0.005647, -0.300781
0.027045, -0.002404, -0.296919
0.024759, 0.000781, -0.292032
0.024386, 0.002464, -0.287743
0.024386, 0.002464, -0.287743
0.023929, 0.003392, -0.28393
0.022917, 0.003431, -0.279616
0.022751, 0.003199, -0.275192
0.023798, 0.003505, -0.271539
0.023798, 0.003505, -0.271539
0.024994, 0.004266, -0.269213
0.025804, 0.003609, -0.267654
0.026017, 0.00285, -0.266577
0.025077, 0.002888, -0.264963
0.025077, 0.002888, -0.264963
0.023993, 0.003162, -0.263841
0.023934, 0.003241, -0.263664
0.024289, 0.002893, -0.263652
0.024426, 0.002222, -0.263521
0.024426, 0.002222, -0.263521
0.023965, 0.001456, -0.263017
0.023399, 0.000702, -0.26257
0.024093, 0.00016, -0.262352
0.026258, -0.00104, -0.262261
0.026258, -0.00104, -0.262261
0.02887, -0.001985, -0.26206
0.030817, -0.002655, -0.261742
0.032135, -0.002762, -0.261142
0.035214, -0.001854, -0.260802
0.035214, -0.001854, -0.260802
