0.9999991
1.000322
1.000322
1.000322
1.002513
1.000653
1.000653
1.000932
0.9998148
1.000337
0.9995141
1.003852
0.9976593
1.00237
1.00237
0.9997598
1.000845
0.9974881
0.9974881
1.000779
0.9998578
0.9984306
0.9987444
1.00032
0.9999095
0.9999095
1.00173
0.9983433
1.002265
0.9997365
0.9997616
0.9997616
1.000137
1.000771
1.000692
1.000646
0.9998783
0.9998783
1.000249
0.9990137
1.00127
0.9977833
0.9977833
0.9989251
1.000734
0.9996566
0.9974337
0.9935409
1.000479
0.999607
0.999607
0.9972055
0.9981458
0.9996513
1.001083
1.001083
1.000242
1.000953
0.9987289
1.002826
0.9995975
0.9995975
1.000158
0.996559
1.000966
0.9984487
1.000106
1.00025
1.00025
1.002313
1.001292
1.000771
1.000771
0.9986404
1.002612
0.9978251
1.001567
0.998444
1.000457
1.000457
0.9977112
1.002225
0.9983516
1.001357
1.001357
0.9961984
1.002171
0.9980561
0.9999998
1.001812
1.001812
0.997232
0.9982702
0.9989538
0.9987993
0.9969748
0.9989954
0.9989954
0.9972612
1.003635
0.9932751
0.9949976
1.005851
1.005851
0.997562
1.001407
0.9981741
0.9971797
0.9971797
1.00051
1.004349
0.9934332
0.9947399
1.000319
1.000319
0.9964236
1.001109
0.9993047
1.002596
1.002459
1.002459
1.001647
0.9974568
0.9983073
0.9998477
0.9980721
0.9980721
1.001832
0.9968367
1.002115
0.9993752
1.000239
1.000534
1.000534
0.999239
0.9985319
0.9966064
1.000774
0.9986146
0.9986146
0.9984328
0.9997867
1.002543
0.9986695
0.9986695
0.9980638
1.000246
0.9969227
1.0015
0.9974315
0.9982083
0.9982083
0.9959965
0.9998416
0.998372
0.9975118
0.9967845
0.9967845
0.9989819
0.9995191
0.9977437
0.997854
0.9983104
0.9983104
0.9990427
0.9959335
1.000872
0.9966945
1.001578
1.001578
0.9985633
0.9973573
1.00035
0.9965304
0.9985608
0.9985608
0.997427
1.001262
1.000073
0.9992939
0.9986402
0.9986402
0.9999849
0.9980184
0.9982076
0.9986203
0.9985587
0.9985587
0.9989935
0.9958623
1.000084
1.000968
1.002101
1.002101
0.997906
0.9981768
0.9953499
0.9979004
1.000027
1.000027
0.9981538
0.9981538
1.001268
0.9992971
0.9994302
0.9994302
0.9985591
0.997573
0.9980533
0.9989796
1.000296
1.000296
0.9975298
0.9970821
1.000556
0.9980324
0.9990178
0.9995788
0.9995788
0.9979622
0.9994518
0.9983996
0.9975526
0.9975526
1.000555
0.9978399
0.9978136
0.9994831
0.9985527
0.9997824
0.9987348
0.9987348
0.9980044
0.9995881
0.9980189
0.9996608
0.9996608
0.9970062
0.9986922
0.9981152
0.99806
0.99806
0.9983338
0.9985897
0.9985322
0.9984356
0.9968564
0.9991285
0.9991285
0.9988279
0.9979775
0.9978201
0.9978201
1.000059
0.9985849
0.9977491
0.999057
0.9990531
1.000068
1.000068
0.9969313
0.998896
1.00054
0.9996773
0.9975611
0.9981331
0.9993073
0.9993899
0.9993899
0.9975387
0.9989563
0.9988178
0.9979617
0.9973391
0.9997759
0.9976591
0.9976591
0.9988891
0.9983385
0.9996576
0.9996576
0.9986148
1.000031
0.9982689
0.9977371
1.001986
0.9996727
0.9996727
0.9966765
1.00146
0.9978191
0.9997684
0.9984298
0.9984298
0.9985452
1.000759
0.9979724
0.9972132
0.9972132
1.000504
0.9989129
1.000039
0.9995596
0.9995903
0.998415
0.998415
0.9976977
0.9966057
0.9994925
0.9997492
0.9998853
0.9998853
0.9988905
0.9993383
0.9979146
1.000854
1.000854
0.9963905
0.9986408
0.9996891
1.001096
0.9996865
1.000412
1.000412
0.9995016
0.9994328
0.9992678
0.9994474
0.9991461
0.9991461
0.9996396
0.9986993
1.000677
0.9999574
0.9999574
1.000069
0.9991857
1.000218
1.000609
1.001523
1.001523
1.000554
1.000898
0.9986933
1.000112
0.9992154
0.9976484
0.9976484
0.9977615
1.000621
0.9992508
1.000501
1.000501
1.001636
1.001443
0.9997925
0.9982162
1.000283
0.9989386
0.9989386
0.9999908
1.000144
0.9986774
0.9979538
0.9976194
0.9976194
1.001953
0.996889
1.000983
0.9993477
1.000379
1.000379
1.001131
0.9995624
0.9984418
1.001216
1.000381
1.000381
0.9992775
0.999411
1.000319
1.000954
1.000967
1.000967
1.00087
1.001014
0.9936811
1.010381
0.9945654
0.9945654
0.9967332
1.008829
1.008144
0.9912069
1.003489
1.003489
1.000504
1.000504
1.00159
1.005041
0.9923298
0.9923298
0.9933751
0.9933751
0.9936743
0.99398
0.99398
1.007455
0.9984767
0.9984767
1.012942
0.9890597
1.001261
1.001261
1.004588
1.004146
0.9966556
0.9990872
0.9996228
0.9996228
1.004
1.004463
0.9952904
1.006131
1.000764
1.000764
0.994838
1.007961
0.9952559
1.002765
1.001164
1.001164
0.9951928
1.005476
1.003789
0.9975529
1.002685
1.002685
0.9955066
1.000875
1.003916
1.000638
1.000679
1.000679
1.000658
1.000991
1.001057
0.9996952
1.002267
1.002267
0.9990756
1.002632
0.9971615
1.00383
0.9999282
1.002427
1.002427
0.9997943
0.9987233
1.005045
1.001155
1.001155
1.001903
1.00352
0.9996455
1.001345
1.000268
1.000268
0.9962509
1.008184
0.9969973
0.985895
1.011559
1.011559
0.9981675
1.005224
0.9982594
0.9945074
1.015157
0.9931428
0.9931428
1.0006
1.002324
1.000809
1.007273
1.007273
0.998903
1.004288
1.002627
1.000477
1.003435
1.002417
1.002417
1.000507
1.003602
1.000693
1.004168
1.004168
1.001582
1.002608
1.001942
1.001009
1.002689
1.002689
1.002188
1.001374
1.003111
1.001076
1.002872
1.002872
1.003483
1.002234
1.000296
1.009766
0.9974172
1.004425
1.004425
1.013393
0.9908643
1.004531
1.002119
1.002119
0.9996114
1.009009
0.9936765
1.003054
1.006239
1.006239
1.001017
0.9995444
1.008086
0.9955632
0.9955632
0.9982513
1.005509
1.000926
1.001842
1.003426
1.000465
1.00523
1.00523
0.9980383
1.008054
0.9999309
1.004208
1.004208
1.002592
1.000688
1.002957
1.002154
1.001893
1.001893
1.001955
1.004057
1.004418
1.002775
1.001202
1.005254
1.005254
1.000291
1.004099
1.001323
0.9947716
0.9947716
1.019856
0.9943345
1.00274
1.015618
1.00247
1.00247
0.9921986
1.007472
1.007274
1.003762
0.9952696
0.9952696
1.001112
1.006594
1.001511
1.002321
1.003681
1.003681
1.002205
1.005645
1.002219
1.002367
1.002554
1.003943
1.003943
1.003364
1.005562
1.00198
1.001678
1.001678
1.00276
1.001136
1.005786
1.004594
1.001698
1.001698
1.00503
0.9985674
1.005793
1.002624
0.9987448
0.9987448
1.003918
1.003524
1.005321
1.00323
1.00321
1.00321
1.007102
1.000996
1.004922
1.004202
1.000229
1.000229
1.006294
1.002515
1.002766
1.00359
1.00054
1.004404
1.004404
1.00471
1.00104
1.004304
1.004363
1.004363
1.002517
1.00179
1.006903
1.003423
1.003053
1.003053
1.003783
1.00362
1.002125
1.004127
1.002692
1.002692
1.003193
1.004617
1.002087
1.00378
1.003299
1.003299
1.002916
1.003564
1.000952
1.003824
1.002607
1.002607
1.002681
1.004278
1.002603
1.004586
1.002556
1.002556
1.002478
1.002849
1.003208
1.004745
1.00466
1.00466
1.005177
1.00119
1.006446
1.002627
1.001088
1.001088
1.003996
1.002907
1.004036
1.003598
1.004569
1.004864
1.004864
1.002665
1.00344
1.004176
1.002962
1.002962
1.003767
1.003484
1.002438
1.003053
1.004417
1.004417
1.002941
1.004304
1.003185
1.003752
1.004263
1.004263
1.00032
1.010811
0.9990705
1.002931
1.010679
1.002079
1.002079
1.00818
1.001988
1.001185
1.010706
0.9942454
0.9942454
1.016802
0.997053
0.9863181
1.009146
1.010761
1.010761
0.999011
0.9990727
1.002029
1.005159
1.005159
1.006985
1.00179
1.007262
1.002733
1.003229
1.003229
1.003614
1.005166
1.002662
1.005106
1.001962
1.005254
1.005254
1.003572
1.003352
1.002405
1.005537
1.005537
1.00285
1.004693
1.00195
1.004238
1.003741
1.003741
1.004609
1.003455
1.011288
1.003446
1.011967
1.011967
0.9971089
1.000507
1.033801
0.9806946
1.020129
1.020129
0.9830335
0.9819803
0.990161
1.126978
1.044887
1.044887
0.9932932
0.8592995
1.109298
1.099443
1.099443
1.09129
1.128853
1.039353
1.039111
1.148228
1.294798
1.294798
1.300451
1.298576
1.224563
1.111961
0.9795188
0.9795188
1.513871
1.092331
1.091047
1.082398
1.082398
1.04339
1.033413
1.052591
1.158321
1.131104
0.8663808
0.8663808
0.9049646
0.9621603
1.199279
1.159665
1.122622
1.122622
1.096527
1.00776
0.9674304
1.009285
0.9735708
0.9735708
0.8178837
0.7645911
0.803144
0.9629995
1.142657
1.142657
1.153362
1.049612
0.9036005
0.8216427
0.9500771
1.048849
1.048849
1.009068
0.8472763
0.8508162
0.9237766
0.9237766
0.974507
0.9249207
1.21732
1.101773
1.062444
1.062444
0.8886433
0.9058233
0.8389905
1.071905
1.240052
1.240052
1.146631
0.9922574
1.290358
1.056465
1.116428
0.8974041
0.8974041
0.8605611
0.8884344
0.8507155
0.8395286
0.8395286
0.7030035
0.8231036
1.239946
1.117873
0.7792935
0.7792935
1.042109
1.162396
1.25964
1.168807
0.8632055
0.8632055
0.7320299
0.9256334
1.243185
1.18621
0.8702305
0.8702305
0.7769409
0.9403417
0.9617838
1.312547
1.370774
1.370774
1.018051
0.9696167
0.8886962
0.8912929
0.8387092
0.8387092
0.9361174
1.536426
1.131207
1.137947
1.102755
1.102755
1.053879
1.089474
1.090186
1.043347
0.9790877
0.9790877
0.9207116
0.9561887
1.082459
1.217421
0.9214156
0.9214156
0.5917645
0.9575163
1.20073
1.251565
1.078777
1.078777
0.9904175
0.9547722
0.9150463
0.8848863
1.024422
1.024422
1.014676
0.9476339
1.068985
1.172272
1.163404
1.163404
0.9505199
0.9660614
0.9974529
0.9999181
1.013662
1.013662
0.9263167
0.9335024
1.02225
1.000111
0.9867312
0.9867312
1.05149
1.05191
0.9838897
0.9967823
1.00586
1.013276
1.013276
1.017498
1.020692
0.8939191
0.870886
0.870886
0.9635323
0.9642853
0.9418621
1.009678
1.130129
1.130129
1.021101
1.145063
1.195966
1.183649
1.231614
1.231614
1.21183
1.19266
1.389693
1.568638
1.62643
1.62643
1.458368
1.326237
1.278853
0.9826818
0.6265023
0.6265023
0.2975018
0.2072328
0.4971746
0.9428267
1.52182
1.52182
1.920184
2.237945
1.589999
2.738712
5.587596
5.587596
5.574811
4.73174
3.430256
1.570158
0.9018554
0.9018554
0.7692848
0.4384308
0.3432821
0.3502435
0.6498922
0.6498922
1.083374
1.380563
1.538935
1.664615
1.685312
1.685312
1.70684
1.635115
1.326763
0.7650758
0.2264989
0.2264989
0.3878901
0.9274235
1.360708
1.928603
2.336978
2.336978
1.898188
1.09983
3.879151
5.650288
5.103506
5.103506
3.819371
2.331588
1.024607
0.5429803
0.383213
0.383213
0.3247189
0.3028256
0.466663
0.864852
1.463109
1.463109
1.893784
2.146894
2.233451
1.994456
1.520791
1.520791
1.141305
0.8407915
0.429879
0.3141166
1.082577
1.082577
2.402026
2.827549
1.67783
0.7170942
0.7170942
2.058881
3.414968
4.467762
4.892887
4.176883
2.092357
2.092357
0.5731898
0.3298506
0.3019443
0.2620274
0.2109814
0.2109814
0.1894116
0.4387408
0.9292589
1.511443
1.895897
1.865555
1.865555
1.647779
1.473242
1.288909
1.19702
1.19702
1.220822
1.22919
1.334578
1.502385
1.560169
1.560169
1.485644
1.286745
0.9239593
0.3929462
0.3582131
1.002021
1.002021
1.821985
2.188967
1.497563
0.8782694
0.8782694
1.760124
3.86899
4.923693
4.129808
3.008764
2.019442
2.019442
1.01319
0.4864906
0.3896458
0.3493067
0.3493067
0.3090619
0.2812842
0.5099009
1.300466
2.321483
2.321483
2.983185
2.807895
2.153388
1.635328
1.302854
0.7374681
0.7374681
0.1291691
0.7063438
1.284808
1.450794
1.450794
1.434226
1.114809
0.807358
0.7221571
2.811066
2.811066
4.90284
4.583618
3.157971
2.094647
1.208385
1.208385
0.393128
0.494473
0.4183137
0.3090503
0.2163295
0.2163295
0.3076103
0.6766228
1.596461
2.498596
2.893586
2.893586
2.691239
2.446988
2.08163
1.577652
1.035831
1.035831
0.4566535
0.1721045
0.7520971
1.071854
1.109049
1.109049
1.171262
1.218444
1.050681
0.5934807
1.522775
1.522775
3.669979
4.38183
3.700338
2.987936
2.051687
2.051687
0.9562829
0.3648273
0.3884643
0.4569492
0.4079505
0.4079505
0.4514236
0.732176
1.522658
2.209528
2.493
2.493
2.402218
2.172044
1.926167
1.400893
0.8485162
0.8485162
0.256318
0.3905236
0.7908514
0.924484
0.8634893
0.8902989
0.8902989
0.6971033
0.5134293
0.4777468
0.6449968
0.6449968
2.682484
4.483672
3.970457
2.946885
2.505185
2.505185
1.867721
0.9646522
0.5220767
0.3923438
0.4600494
0.5003255
0.5003255
0.6733821
0.9951755
1.264638
1.614964
1.614964
2.338102
2.570061
2.174007
1.837531
1.548753
1.182903
1.182903
0.5954928
0.102105
0.7138837
1.35532
1.679883
1.679883
1.809986
1.354741
0.8707461
0.5095012
1.40888
1.40888
3.074738
4.112024
4.046645
3.466015
3.466015
2.327954
1.196957
0.7231784
0.6092516
0.5748027
0.5317594
0.5317594
0.478571
0.5694989
0.9570268
1.487527
1.487527
2.368165
2.913347
2.805157
2.076236
1.458685
1.458685
0.7558784
0.2227425
0.5750715
1.383335
1.936969
1.819474
1.819474
1.12786
0.5597438
0.7352398
1.625914
1.625914
3.420861
4.472626
4.457395
2.889917
1.408845
0.5322855
0.5322855
0.36689
0.36689
0.3304562
0.2553878
0.2794609
0.2794609
0.3605644
0.8700468
1.680383
2.173271
2.173271
2.386737
2.733213
2.849926
2.502201
2.23859
1.853034
1.853034
0.9593433
0.205894
0.8786479
1.883922
2.267366
2.267366
2.322628
1.651134
0.8951485
1.372899
1.372899
3.333221
4.449817
4.532306
3.355811
1.668132
0.6153168
0.6153168
0.6599417
0.4468673
0.2932662
0.2724226
0.4500915
0.5131951
0.5131951
0.8118966
1.361729
2.178132
2.425689
2.425689
2.25065
2.37643
2.802188
3.035194
2.300379
2.300379
1.396473
0.7348639
0.6170731
1.875841
2.427947
2.427947
2.587144
2.116383
1.269757
0.8038135
0.8038135
2.770306
4.036671
4.348332
4.201636
3.087293
1.208055
1.208055
0.457061
0.5222791
0.5513589
0.5011116
0.3314688
0.3314688
0.394333
1.423499
1.953734
2.03812
2.03812
1.873243
1.559858
0.9862893
0.5868903
0.6965232
1.270269
1.270269
2.55966
3.109906
2.663155
2.00669
1.205863
1.205863
0.2634932
1.063216
1.669967
2.265743
2.265743
2.538007
1.58313
0.5910151
1.450866
2.533137
3.611624
3.611624
4.54949
4.634894
2.971108
0.8131353
0.3823278
0.3823278
0.3718645
0.3522763
0.2827353
0.2339353
0.2339353
0.2277366
0.4356963
1.449296
2.950874
3.417794
2.871856
2.871856
2.379579
2.017869
1.307562
0.5196032
0.0761515
0.0761515
0.7051253
1.168099
1.567779
1.65993
1.65993
1.120972
0.6356749
0.4957332
0.7093979
1.868194
1.868194
3.687693
4.602593
4.233089
2.997214
1.634112
0.8232185
0.8232185
0.4325166
0.313883
0.2582691
0.2075456
0.2040852
0.2040852
0.1940062
0.9059508
2.476598
3.409093
3.330999
3.330999
2.78422
2.487484
1.822561
0.9888034
0.4077717
0.4077717
0.4718241
1.349094
2.072137
2.038321
2.038321
1.602139
0.8636479
0.4820657
1.223802
3.226892
4.787077
4.787077
4.269439
3.01939
1.662573
0.7307862
0.4279588
0.4279588
0.3592795
0.2619205
0.2580836
0.2204126
0.1486727
0.1486727
0.7163376
1.415189
2.045133
3.038932
3.997956
3.997956
3.582449
2.406734
1.32739
0.4532458
0.1620619
0.1620619
0.8410042
1.511669
1.758877
1.857286
1.215007
1.215007
0.5736392
0.6658316
2.257939
4.582627
5.081307
5.081307
3.618686
2.539222
1.213981
0.4073952
0.5628493
0.5628493
0.4963546
0.3822741
0.3706227
0.06419795
0.5296155
0.5296155
1.081329
1.877779
2.523533
2.658651
2.650984
2.650984
2.827744
2.777609
2.35446
1.636197
0.9483654
0.9483654
0.4171572
0.9060028
1.619341
1.982296
1.864598
1.493754
1.493754
0.9070315
0.6978141
1.780301
3.753762
3.753762
4.673989
4.24178
2.831339
1.041737
0.5356516
0.6889862
0.6889862
0.2424267
0.0854874
0.3350499
0.3598268
0.3598268
0.3837022
0.9584602
2.137845
3.086658
3.302475
3.302475
2.924155
2.683944
2.385399
1.605908
0.8837811
0.8837811
0.3118512
0.6739846
1.34499
1.937883
2.066811
2.066811
1.576536
0.9076949
0.6137209
1.644513
3.609298
3.609298
4.751069
4.329012
3.472281
1.762434
0.5101725
0.5101725
0.7551588
0.774922
0.4972798
0.3863973
0.4707435
0.4707435
0.6395211
1.332475
2.514868
3.401323
3.716542
3.716542
3.119558
2.440492
1.768314
0.9563401
0.3043587
0.3043587
0.4891888
1.305918
2.032228
2.116805
1.572448
0.9129656
0.9129656
0.6008933
1.668713
3.645121
5.252843
5.252843
4.871897
3.27679
1.257653
0.4649414
0.8663731
0.662291
0.662291
0.5019889
0.2866434
0.2676002
0.6424577
1.54443
1.54443
2.864911
3.424822
3.072417
2.593769
2.593769
2.459828
2.298288
1.767779
0.9767757
0.4459965
0.4459965
0.4327818
1.180994
1.887299
2.245334
1.929283
1.225074
1.225074
0.6957882
1.023618
3.046461
5.290706
5.290706
5.117527
3.810548
2.105875
0.5990871
0.6197571
0.6197571
0.8159106
0.5378454
0.5231166
0.1939902
0.3290701
0.3290701
1.124639
2.185666
3.077065
3.506425
3.335684
3.335684
2.746382
2.235432
1.388187
0.3531239
0.6221843
0.6221843
1.653618
2.118313
1.922509
1.39122
0.7014909
0.7014909
0.5382251
1.614147
4.30507
5.279764
4.259426
4.259426
2.295731
0.8017215
0.4627319
0.6130653
0.3597964
0.2826498
0.2826498
0.03916579
0.3762909
0.9352504
2.004025
2.004025
2.917087
3.232122
2.789527
2.564477
2.414932
2.414932
1.878616
1.140649
0.2686845
0.9371532
1.555929
1.555929
1.725778
1.726236
1.479829
0.8939575
0.6075504
0.6075504
2.051264
4.069665
4.656746
3.987978
2.719823
2.719823
1.144673
0.3847664
0.5905173
0.4939386
0.4170033
0.4170033
0.2195114
0.2183013
0.7646331
1.479254
2.45577
2.45577
3.189305
3.383874
2.870958
2.6973
2.426023
2.426023
1.728358
0.8661854
0.3628839
1.329093
2.118464
2.118464
2.191454
1.802829
1.535277
0.841418
1.034005
1.034005
2.644215
3.89463
4.85199
4.528057
2.600925
2.600925
0.7908355
0.3668994
0.6420349
0.3516464
0.273096
0.273096
0.2760045
0.4091661
0.6394159
1.42305
1.42305
2.557782
3.316561
3.310993
2.975825
2.376297
1.750263
1.750263
1.047748
0.4080583
0.5991908
1.311891
1.623632
1.623632
1.588048
1.394135
0.9187493
0.4963241
0.4963241
2.178077
3.754952
4.124856
3.563995
2.5364
1.147757
1.147757
0.3718691
0.3196739
0.2209229
0.1647274
0.09692556
0.09692556
0.2083758
0.5551512
1.481652
2.441803
2.726681
2.793453
2.953587
2.952736
2.280002
2.280002
1.149043
0.3161373
0.3219487
0.9589987
1.550677
1.779562
1.779562
1.849419
1.054066
0.4440807
0.8177274
0.8177274
2.201875
3.135145
4.06233
4.239186
3.093674
1.392203
1.392203
0.4914073
0.325117
0.3168585
0.2473664
0.2172382
0.2172382
0.2178787
0.7153715
1.80547
2.82134
3.027759
3.027759
2.972654
2.76921
2.252344
1.250663
0.3860017
0.3860017
0.703407
1.330834
1.720302
1.841425
1.576676
1.576676
0.8115151
0.4847108
0.8903716
2.609249
2.609249
4.157043
4.994702
4.139907
1.846954
0.3512962
0.7718885
0.7718885
0.5710586
0.3408284
0.07635163
0.5800225
1.23381
1.23381
2.021706
2.761906
3.005968
2.769715
2.769715
2.285859
1.960496
1.560846
1.025427
0.5239086
0.3868345
0.3868345
1.154469
1.844724
2.0003
1.744891
1.060609
1.060609
0.5729758
1.997119
3.87537
4.745544
4.058841
4.058841
3.033999
1.444309
0.3454687
0.4496843
0.2841332
0.2841332
0.1161062
0.07027988
0.3068227
0.9309289
2.164121
2.164121
3.585477
3.59795
2.680591
2.074686
1.978835
1.978835
1.651963
0.9343491
0.3589975
0.4228978
0.8713624
0.8713624
1.294997
1.493227
1.586421
1.255583
0.884997
0.884997
0.7800165
0.8367351
1.200689
4.333364
6.992408
6.992408
5.29149
3.274376
2.16061
1.209146
0.3701344
0.3701344
0.5768724
0.4633107
0.3059925
0.2854097
0.1650395
0.1650395
0.3181842
0.9895838
1.822234
2.40361
2.541286
2.541286
2.770323
2.971551
2.644888
2.085825
1.571533
1.571533
1.238283
1.167381
1.029799
0.7016312
0.2707806
0.2707806
0.2160228
0.4352659
0.4379015
0.4595246
0.4595246
0.5315907
0.6134726
0.8585182
1.185785
1.302021
1.022774
1.022774
1.03974
1.172624
2.409592
4.667517
4.549633
4.549633
4.210951
4.227954
3.42887
2.093718
2.093718
1.078684
0.7495168
0.7083871
0.7541165
0.8725637
1.153274
1.153274
1.649091
1.957365
1.807723
1.691134
1.637831
1.637831
1.486939
1.173569
0.8695971
0.6474
0.6474
0.3125592
0.0342626
0.281229
0.562894
0.7442762
0.8232485
0.8232485
0.8388201
0.7603364
0.6298006
0.5417064
0.5439476
0.5439476
0.5623853
0.4062271
0.6558453
1.483009
2.548367
2.548367
2.144488
1.700225
1.972347
2.679328
2.976006
2.976006
2.290426
1.939686
1.728675
1.392547
1.193753
1.193753
1.239219
1.283874
1.175333
1.111928
1.111928
1.187515
1.422009
1.566468
1.534827
1.522011
1.522011
1.558727
1.608277
1.600947
1.607746
1.595357
1.595357
1.470755
1.301268
1.269582
1.334577
1.14726
1.14726
0.8108122
0.5738995
0.2344266
0.126925
0.1653214
0.2034996
0.2034996
0.3096285
0.4251581
0.5832534
0.6738071
0.6311322
0.6311322
0.4841713
0.3422745
0.3259915
0.3293019
0.3293019
0.4973129
0.872873
2.09473
3.380918
2.951685
3.154529
3.154529
3.309132
3.04546
2.466657
1.84676
1.385758
1.385758
1.147293
1.098112
1.186013
1.234043
1.234043
1.188961
1.12008
0.8945472
0.6441358
0.5023006
0.5023006
0.5407434
0.7034932
0.6606507
0.5720305
0.5720305
0.5289378
0.5289378
0.4481596
1.860078
1.567633
1.234623
1.234623
0.6296649
0.7284099
0.6177258
0.7075302
0.7901708
0.7901708
1.040213
1.232889
1.173404
1.171185
1.110258
1.175942
1.175942
1.004985
1.188498
1.308247
1.314249
1.314249
1.135236
1.006212
1.043266
1.106986
1.133958
1.133958
1.027902
0.9603813
0.9758864
1.06424
1.095266
1.105355
1.105355
1.222623
1.25702
1.175093
1.123992
1.123992
1.047856
1.016829
1.13434
1.207621
1.207621
1.207621
1.207621
1.207621
1.315777
1.423538
1.42929
1.298353
1.298353
1.336874
1.260546
1.078456
0.8965164
0.8965164
1.226069
0.955194
0.7218149
0.7587882
0.822731
0.822731
0.4404234
0.9957746
0.9957746
0.5191841
0.6019681
0.4502583
0.4502583
0.9782474
1.081539
0.7395636
0.9834857
0.8891255
0.8891255
0.9857817
1.21424
1.265299
1.061069
1.195432
1.195432
0.9613507
1.090111
1.148356
0.7095357
0.6784464
0.6784464
0.8069815
0.6866425
0.6484242
0.4353763
0.4353763
0.7808586
0.6877226
0.724452
0.5407757
0.4267289
2.033689
2.033689
2.704243
3.14886
3.048612
2.557407
2.008514
2.008514
1.669952
1.399619
1.517805
1.254793
1.424781
1.424781
1.524637
1.341632
1.287827
1.278901
1.389826
1.389826
1.082112
1.218487
1.249985
1.023838
0.9065025
0.9065025
0.865753
0.6820887
0.4840483
0.3443833
0.4059693
0.4059693
0.6175444
0.6224664
0.4594992
0.3848285
0.2936087
0.2936087
0.5779269
0.5838082
0.7834393
0.6454502
0.3785092
0.3785092
0.1270373
0.4515655
1.343143
0.7609206
0.6835437
0.6835437
0.8998479
1.513612
2.255774
2.757932
2.565776
2.565776
2.617302
3.182673
3.361012
2.546834
2.082162
2.082162
1.923645
1.779947
1.577594
1.139105
0.550001
0.550001
0.2842859
0.2832127
0.5259415
0.6053068
0.6630063
0.6630063
0.8097697
0.9051273
0.9851654
0.9668545
0.9145209
0.9145209
0.7402725
0.6246722
0.6295867
0.791109
1.21249
2.250991
2.250991
3.986713
5.958742
6.210224
4.275506
2.636738
2.636738
2.026975
1.733013
1.92576
1.947931
1.618145
1.618145
1.212682
1.07314
1.075361
0.8539001
0.8539001
0.5929677
0.4289972
0.1201459
0.4741144
0.4397604
0.4397604
0.3777515
0.4935559
0.5411805
0.7011276
0.7388982
0.7388982
0.8730707
1.114478
1.359836
1.415063
1.30457
1.30457
1.337441
1.700417
3.220033
4.542425
5.909001
5.909001
6.720403
5.376711
3.411945
2.228055
1.82146
1.82146
1.596997
1.676368
1.710084
1.586304
1.204767
1.204767
0.8457353
0.6317057
0.5975763
0.590184
0.7344123
0.7344123
1.213001
1.467481
1.710444
1.604409
1.224026
1.224026
1.077639
1.01391
1.050585
1.070804
1.421024
1.421024
2.456
3.684062
5.083083
6.314047
5.954136
5.954136
4.035034
2.64506
2.147463
1.879493
1.791012
1.791012
1.764684
1.586863
1.259751
0.8352391
0.6730637
0.5975882
0.5975882
0.5321689
0.3229574
0.2401583
0.4181105
0.4181105
0.7087122
0.8014808
0.7610066
0.7278715
0.8547998
0.8547998
1.097153
1.199892
1.405695
1.431477
1.460497
1.791894
1.791894
3.188216
4.041115
4.389178
6.373989
6.373989
6.035257
4.211074
2.964875
2.43451
2.015718
1.87941
1.87941
1.884201
1.698849
1.418334
1.031819
0.8972086
0.8972086
0.8390292
0.6878177
0.5416515
0.4887538
0.7619836
0.7619836
1.136198
1.444949
1.547978
1.524983
1.538879
1.538879
1.398819
1.187371
1.089206
1.243094
1.785931
1.785931
3.505287
6.127451
6.861529
5.547109
4.288128
4.288128
3.768894
2.807005
2.070194
1.701677
1.461663
1.461663
1.318515
1.352345
1.383901
1.308225
1.060058
1.060058
0.7494053
0.5303525
0.3745645
0.3410701
0.3410701
0.6027105
0.8473008
1.027371
1.29181
1.498801
1.440364
1.440364
1.210117
1.152864
1.071854
0.9357852
1.386433
1.386433
2.630855
5.759766
6.250065
4.638617
3.950983
3.950983
3.598733
2.908791
2.360874
2.115348
1.909973
1.909973
1.697532
1.575341
1.408416
1.190219
1.063369
1.063369
0.9343757
0.8006364
0.506882
0.5919342
1.329593
1.329593
1.830017
2.030309
2.180901
1.937356
1.641739
1.641739
1.399966
1.266761
1.312254
1.5115
2.422251
2.422251
4.480849
6.466325
6.451445
4.793462
3.572115
2.684087
2.684087
2.041816
1.732073
1.682489
1.494778
1.494778
1.230904
1.163631
1.257619
1.45873
1.31961
1.31961
1.024314
0.627984
0.3334084
0.1924434
0.4850185
0.7303378
0.7303378
1.029447
1.325586
1.609672
1.921306
1.921306
2.046884
1.908661
1.590407
1.48186
1.689656
2.312147
2.312147
3.436549
4.286914
6.700092
6.77125
6.77125
4.373281
3.032969
2.095105
1.485999
1.50091
1.50091
1.837926
2.033596
1.851099
1.605041
1.347069
1.052899
1.052899
0.9526568
0.7369838
0.4487623
0.4893818
0.7349305
0.7349305
0.9426328
1.140143
1.309524
1.613997
1.613997
1.951547
1.909315
1.511502
1.326434
1.40241
1.549297
1.549297
2.062429
2.782872
4.95628
8.34611
7.041256
7.041256
4.82865
3.909946
2.754535
1.860315
1.860315
2.083929
2.083929
1.875013
1.523886
1.340916
1.1937
1.1937
1.008831
0.88332
0.7040377
0.55863
0.4540639
0.4540639
0.568512
0.7747743
1.14124
1.596593
1.596593
1.945113
2.052166
2.073014
1.872586
1.702827
1.770479
1.770479
2.103958
2.995229
5.959621
7.585604
6.942595
6.942595
6.235737
4.270743
2.668879
2.042959
2.042959
1.85681
1.9391
1.962692
1.724583
1.43373
1.149886
1.149886
0.9568238
0.8205132
0.6920332
0.6772348
0.8042933
0.8042933
1.006889
1.348399
1.743365
2.104419
2.211724
2.211724
2.107332
1.768048
1.574882
1.62881
1.845744
1.845744
2.928263
5.597863
7.666641
7.465529
5.974535
4.406771
4.406771
2.866079
2.022885
1.905471
2.116475
2.116475
2.071338
1.700682
1.224916
0.9846383
0.9009769
0.9009769
0.7834563
0.6712279
0.6209379
0.6761399
0.7996575
0.7996575
0.9491307
1.344108
2.009709
2.399357
2.232367
2.232367
2.035205
1.998609
2.32394
2.995711
4.993546
4.993546
8.772016
8.242322
5.749382
5.24909
4.391013
4.391013
2.599876
1.100218
1.003465
1.313686
1.557647
1.557647
1.544707
1.396924
1.189989
0.9863135
0.7247981
0.7247981
0.5690512
0.4858023
0.3624619
0.5532368
0.886405
0.886405
1.422756
1.964818
2.145684
2.078851
1.826181
1.826181
1.775853
1.853188
2.365621
3.742052
6.706618
6.706618
8.481431
6.66605
5.166608
3.965422
2.569347
2.569347
1.720081
1.414903
1.366881
1.428836
1.511936
1.511936
1.487585
1.352229
1.206946
1.147336
1.01336
1.01336
0.7772269
0.5517083
0.4284146
0.6673004
0.9397317
0.9397317
1.20575
1.624522
2.024097
2.231621
2.048797
2.048797
1.790404
1.714101
1.767918
2.052311
2.933706
2.933706
4.056227
4.794497
6.873876
6.873876
6.174733
6.174733
3.654287
2.815419
2.578627
2.199627
2.199627
1.881702
1.782863
1.447691
1.165114
0.9890248
0.8929753
0.8929753
0.8704382
0.8475353
0.9222373
1.188957
1.529981
1.529981
1.754926
1.644357
1.430737
1.47297
1.47297
1.410383
1.326702
1.336824
1.564719
2.41779
4.159729
4.159729
6.614526
6.97788
5.321517
4.251019
3.390741
3.390741
2.253503
1.55031
1.262955
1.983433
1.991017
1.991017
1.796675
1.71506
1.453564
1.226934
0.9808519
0.9808519
0.7190563
0.5600436
0.5346069
0.5282223
0.8862904
0.8862904
1.28723
1.475923
1.600094
1.596989
1.466418
1.466418
1.359912
1.338424
1.379729
1.574005
2.343357
2.343357
4.120255
5.162302
5.94595
6.39524
5.492121
5.492121
3.886138
2.547755
1.93834
1.827019
2.1305
2.253974
1.838592
1.838592
1.515057
1.384889
1.26777
1.26777
1.071494
0.9661197
0.994886
1.46377
1.727369
1.865627
1.865627
2.202006
2.281904
2.088302
1.736794
1.736794
1.616672
1.600386
1.781547
2.319973
3.670335
6.673806
6.673806
9.721665
8.82121
4.855258
2.801406
2.300637
2.300637
2.056613
1.792411
1.764926
2.027148
1.998151
1.998151
1.704542
1.489684
1.551415
1.479198
1.283643
1.283643
0.977647
0.6998811
0.6985518
0.99037
1.391482
1.391482
1.75211
1.931241
1.959376
1.975236
1.920461
1.920461
1.70708
1.473095
1.566798
1.886877
1.886877
3.054318
4.689554
7.667092
8.88134
7.02223
5.424976
5.424976
3.69592
2.916403
2.719063
3.036881
2.865895
2.865895
2.342644
1.936316
1.785691
1.742251
1.742251
1.613075
1.525551
1.633455
2.119622
2.696683
2.696683
3.018774
2.403538
1.793275
1.507072
1.365776
1.365776
1.34996
1.504776
1.827189
2.528398
3.452647
3.452647
5.443229
7.491261
7.683876
6.202576
4.270257
4.270257
2.347012
1.846717
1.694206
1.830249
2.361724
2.361724
2.207848
1.821009
1.697229
1.871243
1.635161
1.635161
1.046707
0.8190574
1.198034
1.137634
0.9592414
1.11538
1.11538
1.549831
2.023768
2.469782
2.143636
1.640758
1.640758
1.417734
1.491325
1.591869
1.782113
1.782113
2.851741
4.897796
8.84371
9.721766
8.428284
8.428284
4.469206
1.839468
1.465846
1.970869
2.658207
2.745284
2.745284
2.426654
2.259435
2.116316
1.776889
1.776889
1.507496
1.3639
1.127241
1.158393
1.507757
1.715446
1.715446
1.632488
1.8671
2.275438
2.641743
2.225611
2.225611
1.761772
1.669065
1.754652
2.06864
2.06864
3.28894
4.830904
6.548254
8.023548
7.504869
4.944887
4.944887
2.955822
2.060986
1.80872
1.587669
1.835374
1.835374
2.264508
2.252612
1.989219
1.922835
1.922835
1.928954
1.742915
1.327343
1.04013
1.114058
1.298106
1.298106
1.250799
1.152828
1.469435
2.099159
2.512144
2.512144
2.333539
1.707333
1.498583
1.511364
1.511364
1.733952
2.41105
3.35095
5.433587
8.405847
8.457416
8.457416
4.760876
3.928878
4.216793
3.270801
2.273958
2.273958
2.025902
1.983176
1.983056
2.21689
2.21689
2.037678
1.760164
1.512663
1.342575
1.227573
1.273581
1.273581
2.057745
2.885736
2.661675
2.470837
2.474656
2.474656
2.059585
1.699544
1.61891
1.703766
1.980471
1.980471
2.268718
3.179983
4.46973
7.05589
7.499464
7.499464
5.790109
4.757147
3.618397
2.480973
2.006187
2.006187
2.133276
2.446792
2.505321
2.110434
1.682347
1.682347
1.484061
1.387911
1.240467
1.10542
1.186805
1.186805
1.78843
2.436679
2.529062
2.349835
2.246555
2.246555
1.839876
1.435494
1.365895
1.570255
1.849064
1.849064
2.849067
4.401764
5.51871
6.587103
7.288191
7.288191
5.093034
3.185917
2.133985
1.862761
1.463689
1.463689
1.499998
1.927443
2.021804
1.887603
1.627451
1.627451
1.37683
1.182272
0.940634
0.8145674
0.827505
0.9763519
0.9763519
1.290711
1.272101
1.600942
1.874443
1.571786
1.571786
0.9770685
0.7849836
0.9315773
1.335746
2.382753
3.894293
3.894293
5.94305
7.273348
6.985056
4.071248
2.264924
2.264924
1.635559
1.528962
1.510449
1.332848
1.231658
1.289923
1.46824
1.46824
1.710824
1.893578
1.967612
1.923821
1.693033
1.693033
1.26619
0.8770519
0.7035151
0.6893767
0.6893767
1.12677
1.688255
2.344199
2.008788
1.35551
1.35551
1.117963
1.241522
1.814201
3.06144
3.06144
4.691367
6.300866
6.993743
3.527119
1.951054
1.268647
1.268647
1.288433
1.178272
0.8211339
0.609567
0.6409069
0.6409069
0.7509524
1.014944
1.183211
1.278708
1.287315
1.232511
1.232511
1.233887
1.225314
1.14711
1.089469
1.089469
0.9876192
0.9890456
1.285464
1.359055
1.501951
1.501951
1.381985
1.210481
1.197747
1.189888
1.189888
1.10222
0.9898597
0.9898597
0.930216
0.8776782
0.8776782
0.8569111
0.8698003
0.8694184
0.8578917
0.9298805
0.9298805
0.9831523
1.011616
1.037096
1.098135
1.20695
1.20695
1.348757
1.460743
1.524619
1.631932
1.946843
2.179501
2.179501
2.11514
2.089402
2.077078
1.984554
1.87216
1.87216
1.688663
1.4312
1.374624
1.326643
1.1036
1.056242
1.056242
0.9689382
0.9776976
0.9823319
0.8917634
0.8917634
0.8753047
0.9656669
1.038026
1.070909
1.075058
1.075058
1.051318
1.03586
1.041632
1.066596
1.066596
1.079629
1.049558
1.039559
1.033973
1.044178
1.040242
1.168015
1.314273
1.314273
1.446637
1.638486
1.814878
2.010345
2.146661
2.146661
2.030451
1.777797
1.524008
1.524008
1.532113
1.532113
1.646108
1.694401
1.562515
1.177644
0.9920025
0.9920025
0.9550837
0.8975466
0.9096207
0.9627252
0.998986
0.998986
1.015639
1.024454
1.015962
0.9552771
0.9552771
0.9358639
0.9794278
1.011109
1.007526
1.020057
1.020057
1.157988
1.454816
1.790425
2.009588
2.276624
2.276624
2.922092
3.149087
3.156195
3.156195
3.340173
1.952688
1.952688
1.285916
1.16921
1.028701
0.9622542
0.9274344
0.9274344
0.8942595
0.9298923
0.9369798
0.9325804
0.8481375
0.8481375
0.9366882
1.034852
1.086337
1.089392
1.021512
1.021512
1.0769
1.190513
1.236465
1.442122
1.830325
1.830325
2.107046
1.949979
1.744625
1.883091
1.883091
1.943061
1.937933
1.931132
1.909415
1.7127
1.605439
1.605439
1.537132
1.327824
1.029453
0.877431
0.815403
0.815403
0.7400833
0.7244899
0.7893578
0.8740365
0.9150482
0.9150482
0.9402831
0.9780619
0.99631
0.9832559
0.9984856
0.9984856
1.032155
1.040883
1.194728
1.529043
1.829783
1.829783
2.24614
2.566674
2.731222
2.778033
2.826391
2.826391
2.668433
1.686958
1.247306
1.117704
1.139388
1.139388
1.226629
1.191219
1.034407
0.9116416
0.848268
0.8368867
0.8368867
0.8515382
0.9066383
0.9898996
1.06093
1.070431
1.070431
1.136155
1.312966
1.408286
1.527779
1.527779
1.74694
1.967919
2.035758
1.919263
1.853333
1.868907
1.868907
1.804683
1.625217
1.499406
1.352864
1.352864
1.286015
1.190932
1.110305
0.9942549
0.9088141
0.9088141
0.8464746
0.8041784
0.8211556
0.8567989
0.873344
0.873344
0.8826896
0.9010789
0.930685
0.9607379
0.9654727
0.9654727
0.9627433
0.9333816
0.9114275
0.8764632
0.9592901
0.9592901
1.104892
1.293205
1.529821
1.70481
1.797641
1.797641
2.096823
2.429001
2.712045
2.802608
2.461319
2.461319
2.048381
1.726523
1.495965
1.358963
1.178918
1.178918
0.9459809
0.8435657
0.897763
0.9469067
0.9632694
0.9632694
0.9784743
1.031773
1.076419
1.108051
1.137856
1.137665
1.137665
1.094667
1.048942
1.008292
0.9996797
0.9996797
1.046329
1.131414
1.217992
1.375555
1.663921
1.663921
2.001351
2.100564
2.188835
2.19465
2.111976
2.111976
1.885685
1.869735
1.832982
1.836591
1.686421
1.686421
1.407797
1.20756
1.008349
0.8826119
0.7926739
0.7926739
0.7348957
0.7145602
0.7253606
0.7612313
0.8078463
0.8078463
0.8601333
0.8882703
0.897809
0.8905448
0.8998681
0.8998681
1.065217
1.280423
1.424268
1.535866
1.890382
1.890382
2.173238
2.400773
2.625586
3.021057
3.282672
3.282672
3.007195
2.670555
1.962751
1.377518
1.005558
1.005558
0.9572343
1.019066
1.065411
0.9315093
0.868044
0.9251594
0.9251594
1.026122
1.024291
0.9830088
0.9853481
0.9853481
0.9619836
0.9660195
1.025677
1.151816
1.251833
1.251833
1.344734
1.516874
1.851765
2.247987
2.368927
2.368927
2.464265
2.466967
2.47782
2.20365
2.034597
2.034597
1.920829
1.73897
1.488668
1.324704
1.136833
1.136833
0.9620931
0.8496537
0.7590507
0.7065043
0.6698306
0.658333
0.658333
0.6978638
0.7467128
0.7930421
0.8005439
0.8132371
0.8132371
0.8366053
0.8320293
0.8606842
0.9647973
0.9647973
1.065437
1.131495
1.287165
1.481583
1.635785
1.789399
1.789399
2.106333
2.469128
2.620474
2.50309
2.50309
2.399157
2.124052
1.823087
1.494212
1.09729
1.09729
0.8087494
0.7194977
0.7524376
0.8121447
0.8790053
0.8790053
0.8580708
0.8100653
0.810919
0.8427453
0.8912721
0.8912721
0.91404
0.942913
0.9709555
1.012852
1.094594
1.094594
1.293702
1.55452
1.606187
1.741112
2.005853
2.005853
2.288314
2.226751
2.060688
2.013508
1.890804
1.890804
1.80976
1.685585
1.464198
1.288628
1.166869
1.166869
1.018363
0.9257665
0.9021621
0.8439318
0.8097563
0.8097563
0.775
0.7550882
0.7740119
0.7789637
0.7979732
0.7979732
0.7864648
0.7877447
0.7787087
0.7433816
0.7512915
0.7512915
1.005267
1.195941
1.221923
1.333745
1.565108
1.80377
1.80377
1.925676
1.954072
1.972818
2.207312
2.207312
2.449225
2.445941
2.485568
2.45134
1.622663
1.622663
1.153476
0.9062505
0.8525402
0.9449579
1.02334
1.02334
1.046468
1.002195
0.9367986
1.013578
1.067545
1.067545
1.12308
1.143227
1.155727
1.124807
1.075289
1.056615
1.056615
1.038207
1.028063
1.065142
1.156804
1.156804
1.223924
1.283696
1.301539
1.262908
1.334497
1.5107
1.5107
1.65938
1.775391
1.78433
1.736616
1.736616
1.774752
1.836944
1.762393
1.654034
1.562086
1.562086
1.471765
1.373061
1.32834
1.369824
1.474471
1.626185
1.626185
1.763069
1.758706
1.588265
1.493578
1.493578
1.493817
1.488261
1.511345
1.504961
1.517958
1.421565
1.421565
1.182513
1.010479
1.010442
1.232496
1.232496
1.528879
1.959728
2.473784
2.676298
2.535147
2.535147
2.183355
1.884827
1.679282
1.57976
1.790408
2.150568
2.150568
2.403811
2.119322
1.829358
1.520711
1.31696
1.31696
1.154856
1.006957
1.050645
1.092457
1.092457
1.318286
1.477903
1.595892
1.578862
1.537852
1.536558
1.536558
1.560842
1.600782
1.608849
1.530338
1.499517
1.499517
1.505402
1.615227
1.841944
2.177542
2.177542
2.93024
2.87284
2.080348
1.750243
1.657317
1.526186
1.526186
1.366753
1.308188
1.281718
1.240392
1.225123
1.225123
1.225085
1.270846
1.339103
1.41145
1.482842
1.482842
1.543201
1.60062
1.615239
1.554604
1.489172
1.489172
1.501016
1.530337
1.542251
1.71885
1.997412
1.997412
2.342176
2.978851
3.02423
2.223551
2.223551
1.844816
1.657192
1.494181
1.480412
1.465901
1.436685
1.436685
1.406511
1.274676
1.266214
1.262331
1.290692
1.290692
1.325706
1.331074
1.379056
1.367742
1.367042
1.367042
1.439238
1.51696
1.554058
1.556855
1.461887
1.461887
1.423637
1.47259
1.645144
2.081618
2.504581
2.504581
3.029711
3.345247
2.610204
1.946206
1.946206
1.702357
1.569173
1.674687
1.664376
1.517434
1.339067
1.339067
1.198568
1.183645
1.221926
1.186218
1.132756
1.132756
1.040578
0.9717299
0.9456276
0.9446329
1.001217
1.001217
1.065908
1.15633
1.242315
1.301242
1.42944
1.42944
1.58537
1.68905
1.824231
2.315769
2.987012
2.987012
3.585432
4.27397
3.738521
2.141172
1.670685
1.636467
1.636467
1.607951
1.438967
1.272005
1.2072
1.2072
1.235101
1.307202
1.368506
1.391384
1.373271
1.373271
1.306381
1.221726
1.177685
1.126875
1.126875
1.083068
1.190404
1.3724
1.541911
1.640684
1.692995
1.692995
1.662094
1.619755
1.659325
2.0517
2.763333
2.763333
3.555548
4.46766
3.184957
2.352762
2.352762
1.79332
1.766774
1.614796
1.320597
1.218892
1.150477
1.150477
1.3127
1.516258
1.563127
1.46939
1.325266
1.325266
1.17614
1.083988
1.133035
1.238489
1.371988
1.371988
1.484165
1.597157
1.687252
1.813494
1.851209
1.851209
1.799743
1.85706
2.118735
2.846357
3.182138
3.182138
4.259849
3.68299
2.528659
1.857018
1.596677
1.451127
1.451127
1.403969
1.357591
1.3853
1.296294
1.296294
1.326782
1.343445
1.394378
1.3124
1.325955
1.325955
1.370194
1.464413
1.537172
1.641903
1.724618
1.766634
1.766634
1.806201
1.902647
2.029131
2.118503
2.118503
2.226515
2.516584
3.073023
3.699573
3.887709
3.887709
4.115548
2.726287
1.887598
1.493147
1.292602
1.292602
1.339923
1.407672
1.329441
1.335376
1.300643
1.300643
1.39606
1.550517
1.667625
1.695501
1.644481
1.644481
1.524481
1.413666
1.389153
1.391243
1.479084
1.479084
1.593538
1.698354
1.716724
1.708899
1.662008
1.662008
1.754198
2.091607
2.478302
2.862405
3.473382
4.029826
4.029826
4.254883
4.141206
2.296375
1.461226
1.287276
1.287276
1.226904
1.179711
1.099566
1.057204
1.057204
1.133151
1.236366
1.503546
1.766824
1.700108
1.700108
1.604869
1.52315
1.511499
1.43703
1.337373
1.337373
1.270892
1.237485
1.320983
1.467951
1.610173
1.610173
1.694103
1.775395
2.160203
2.57628
2.899095
2.899095
3.473458
4.014275
3.848643
3.85733
2.109543
1.354207
1.354207
1.174211
1.089438
1.100021
1.12429
1.12429
1.191451
1.250116
1.417201
1.679668
1.855288
2.019267
2.019267
1.752099
1.551327
1.438786
1.438786
1.3205
1.3205
1.277118
1.329288
1.383705
1.383705
1.614993
1.91986
2.206445
2.300602
2.453047
2.733763
3.406239
3.406239
4.09743
4.569382
4.739722
2.183232
1.528226
1.528226
1.089421
0.973743
1.064116
1.344301
1.344301
1.493605
1.496827
1.51394
1.425084
1.363016
1.363016
1.401894
1.448573
1.413428
1.26637
1.132759
1.132759
1.113768
1.214047
1.336269
1.410143
1.553469
1.553469
2.154156
2.690568
3.192251
4.008001
4.579523
4.579523
4.593256
4.484016
2.808325
1.553632
1.2361
1.2361
1.188415
1.160537
1.089758
1.12496
1.225667
1.225667
1.2866
1.328316
1.456882
1.547417
1.530068
1.530068
1.424039
1.340281
1.27852
1.22035
1.126069
1.126069
1.092033
1.193983
1.359948
1.466403
1.466403
1.868204
2.469465
2.812328
3.14422
4.06564
4.584946
4.584946
4.731905
3.710114
2.00685
1.147786
1.147786
1.272758
1.272758
1.377551
1.331474
1.243377
1.21887
1.21887
1.238465
1.31731
1.458713
1.495561
1.39256
1.39256
1.266336
1.108737
1.031221
0.9722184
0.9567286
0.9567286
1.078128
1.284174
1.679965
2.076462
2.833296
2.833296
3.487835
3.460492
3.650671
4.265316
4.628275
4.628275
4.424768
2.465986
1.754783
1.482087
1.38276
1.38276
1.248606
1.122711
1.164966
1.207643
1.340882
1.340882
1.476179
1.517383
1.47953
1.378116
1.227902
1.227902
1.182845
1.127589
1.10357
1.081315
1.120846
1.120846
1.224618
1.502276
1.977586
2.483373
3.091297
3.091297
3.306022
3.236812
3.53696
3.692084
4.213798
4.213798
3.81633
2.326356
1.63731
1.524943
1.524943
1.459973
1.188433
1.123006
1.152002
1.188757
1.347618
1.347618
1.716555
1.716555
1.761648
1.66151
1.524991
1.524991
1.406094
1.311497
1.289253
1.318493
1.388409
1.388409
1.508399
1.657299
1.882346
2.483437
2.483437
3.555381
3.277174
3.175143
3.738053
4.220021
4.957674
4.957674
3.877701
2.033709
1.541398
1.425009
1.425009
1.456734
1.409193
1.344149
1.323597
1.402426
1.597473
1.597473
1.77073
1.759061
1.662513
1.540274
1.419636
1.419636
1.324208
1.340274
1.328659
1.397793
1.397793
1.541216
1.705658
1.920864
2.094334
2.725925
3.214326
3.214326
3.11639
3.345415
3.864238
4.322165
4.907516
2.857195
2.857195
1.80621
1.625546
1.537161
1.459937
1.459937
1.385916
1.303697
1.389341
1.506094
1.641104
1.641104
1.696212
1.635345
1.52726
1.414674
1.286065
1.286065
1.247129
1.237339
1.255728
1.382196
1.545164
1.545164
1.776303
2.010351
2.078568
2.223153
2.674549
2.674549
2.996757
3.246997
4.166941
4.934758
5.820476
3.6172
3.6172
1.714439
1.456883
1.537318
1.608746
1.477988
1.477988
1.333489
1.299376
1.416115
1.506286
1.506286
1.632822
1.637202
1.567537
1.393929
1.341594
1.288131
1.288131
1.275179
1.219332
1.242758
1.332019
1.508839
1.508839
1.780035
2.131832
2.452458
2.871267
2.871267
3.171
3.355926
3.992822
4.583572
5.394879
3.533451
3.533451
2.085351
1.874195
1.649474
1.612118
1.561835
1.561835
1.548006
1.401407
1.422402
1.576269
1.576269
1.673275
1.671206
1.607777
1.534768
1.509871
1.406905
1.406905
1.383284
1.364677
1.360026
1.484804
1.586292
1.586292
1.709814
1.940405
2.250252
2.76092
2.76092
2.999179
3.221105
4.014135
4.902197
5.455391
5.142379
5.142379
2.550516
1.721203
1.61732
1.542757
1.450107
1.450107
1.363084
1.378493
1.446327
1.549174
1.549174
1.623449
1.63016
1.508615
1.423223
1.33424
1.294742
1.294742
1.274765
1.260595
1.235948
1.266677
1.38655
1.38655
1.525615
1.726302
2.050561
2.382878
2.382878
2.713023
2.919084
3.283534
4.165824
4.602234
5.256044
5.256044
4.011013
2.253922
1.659262
1.515918
1.464356
1.464356
1.468176
1.398681
1.337972
1.35116
1.451112
1.451112
1.529516
1.571402
1.509946
1.360541
1.398634
1.398634
1.375112
1.358354
1.361179
1.378131
1.425236
1.425236
1.545288
1.702032
1.831134
1.982467
2.239388
2.239388
2.597595
2.90889
3.294977
4.180854
4.883944
4.883944
6.000075
4.341237
2.388554
1.502359
1.550402
1.550402
1.587753
1.50545
1.35455
1.186029
1.268101
1.268101
1.444767
1.518328
1.553571
1.496795
1.422858
1.422858
1.316168
1.225233
1.164386
1.193887
1.278324
1.278324
1.425527
1.57438
1.82924
2.203086
2.68795
2.68795
2.891039
2.72892
3.015473
3.691154
4.105213
4.105213
5.079957
3.907776
2.216576
1.376189
1.376189
1.442982
1.442982
1.388648
1.239751
1.25439
1.365847
1.365847
1.532493
1.687402
1.713621
1.727704
1.577468
1.577468
1.483702
1.405465
1.376397
1.30413
1.288054
1.288054
1.306411
1.341574
1.446549
1.650735
1.958225
1.958225
2.297871
2.67206
2.992867
3.405735
4.141816
4.141816
4.483431
5.307832
4.125108
2.306556
1.578443
1.578443
1.435687
1.376053
1.355422
1.295548
1.274691
1.274691
1.270287
1.483451
1.654885
1.656654
1.525777
1.525777
1.456735
1.356052
1.249305
1.29562
1.371941
1.371941
1.488269
1.710342
1.944261
2.276007
2.540468
2.540468
2.605054
2.551814
2.761859
3.238738
3.930587
3.930587
4.63747
5.18075
3.738426
2.241627
1.603459
1.603459
1.46648
1.297092
1.230186
1.199329
1.248183
1.377088
1.377088
1.574296
1.708753
1.67364
1.519118
1.339381
1.339381
1.215897
1.160785
1.165004
1.27172
1.27172
1.341371
1.439736
1.514263
1.73825
2.147573
2.427273
2.427273
2.516952
2.600099
3.170611
3.979832
3.979832
5.320868
4.546751
2.741618
1.778212
1.806873
1.641114
1.641114
1.491621
1.408418
1.291038
1.242577
1.382537
1.382537
1.606858
1.647807
1.514051
1.514051
1.316816
1.233724
1.18385
1.204923
1.270525
1.270525
1.376972
1.552436
1.700684
1.815374
1.975126
1.975126
2.174099
2.423507
2.811133
3.424786
4.147282
4.147282
4.99719
3.999039
2.540087
1.862518
1.754326
1.754326
1.504821
1.402641
1.35498
1.352626
1.498369
1.641027
1.641027
1.664216
1.5926
1.506122
1.400665
1.400665
1.298941
1.270188
1.283233
1.330151
1.375397
1.375397
1.514081
1.736425
1.938822
2.099835
2.211998
2.211998
2.357658
2.48682
3.10808
3.971825
4.74515
4.74515
5.334228
3.520705
2.064773
1.592085
1.436173
1.386985
1.386985
1.400418
1.347062
1.297177
1.27642
1.30897
1.30897
1.293596
1.364791
1.293993
1.262038
1.262038
1.209144
1.161842
1.210118
1.302346
1.410255
1.579729
1.579729
1.744752
1.851691
2.107949
2.452066
2.679392
2.679392
3.138359
3.855492
4.386028
5.38371
5.38371
3.221776
1.911529
1.387419
1.372051
1.409055
1.391858
1.391858
1.344049
1.356934
1.372328
1.515299
1.483029
1.483029
1.445239
1.362709
1.358741
1.319949
1.25074
1.25074
1.267988
1.298863
1.413638
1.574933
1.730297
1.730297
1.815829
1.83769
1.905095
2.166852
2.415469
2.415469
2.623408
3.028981
3.386311
3.760523
3.833755
3.833755
2.924857
2.344286
2.228517
1.991684
1.785208
1.785208
1.693126
1.657742
1.630245
1.655794
1.639153
1.639153
1.650002
1.619182
1.633752
1.588933
1.588933
1.60278
1.700332
1.842515
1.931776
1.917664
1.917664
1.859464
1.901813
1.978685
1.971259
1.967873
1.967873
2.100105
2.338766
2.616589
2.891707
3.247936
3.247936
3.121151
2.349641
2.121282
2.209972
2.131658
2.005037
2.005037
1.836058
1.745615
1.671617
1.628409
1.634553
1.634553
1.665782
1.662001
1.593209
1.524296
1.524296
1.42323
1.34817
1.365608
1.484106
1.650479
1.84555
1.84555
2.010606
2.094963
2.205121
2.261402
2.261402
2.217651
2.243361
2.448488
2.780098
3.417799
3.417799
4.005182
4.742096
3.800469
2.498068
1.961899
1.829291
1.829291
1.814818
1.866931
1.936419
2.037145
1.870675
1.870675
1.737211
1.520282
1.352101
1.279927
1.279927
1.286315
1.341095
1.329047
1.316218
1.405625
1.592166
1.592166
1.808186
2.007982
2.32236
2.266281
2.212832
2.212832
2.274058
2.45098
2.744581
3.012684
3.012684
3.317348
3.657412
3.200708
2.546681
2.272092
2.093747
2.093747
1.953739
1.81385
1.758031
1.543463
1.532342
1.532342
1.547362
1.572371
1.584382
1.602409
1.602409
1.655895
1.728082
1.762466
1.810222
1.833495
2.015667
2.015667
2.236619
2.330189
2.230879
2.234685
2.393783
2.393783
2.670285
3.224816
3.773069
4.208719
4.208719
3.843566
2.849932
2.467431
2.115864
1.926663
1.95051
1.95051
1.763665
1.618929
1.563421
1.525705
1.525705
1.541929
1.531012
1.597312
1.636012
1.625504
1.625504
1.665424
1.670793
1.650634
1.710635
1.751272
1.887776
1.999993
1.999993
1.936144
1.861853
1.94089
2.157375
2.157375
2.427585
2.769234
2.924764
3.126009
3.126009
3.39684
3.528567
2.965238
2.46506
2.222472
2.06505
2.06505
1.996584
1.781107
1.632161
1.568645
1.534061
1.534061
1.584922
1.754699
1.911668
1.919004
1.860369
1.860369
1.704804
1.518074
1.430882
1.416948
1.46754
1.46754
1.569841
1.637621
1.652959
1.692466
1.692466
1.862492
2.094908
2.394444
2.810613
3.203258
3.203258
3.850949
3.599992
2.863004
2.352149
2.147025
2.09187
2.09187
2.031774
1.893722
1.751015
1.638219
1.618942
1.618942
1.614489
1.534289
1.521761
1.46462
1.46462
1.451705
1.464179
1.542692
1.671006
1.787335
1.977772
1.977772
2.169448
2.232824
2.175874
2.145293
2.247154
2.247154
2.434843
2.884867
3.626517
4.192422
5.091035
5.091035
3.829981
2.723953
2.079972
1.841924
1.78154
1.78154
1.764614
1.707978
1.587946
1.595582
1.56672
1.56672
1.572142
1.56381
1.474359
1.391646
1.33006
1.33006
1.324741
1.309122
1.328938
1.357456
1.38642
1.38642
1.56976
1.823561
1.995631
2.005939
2.005939
2.106658
2.322499
2.625008
2.999226
3.632266
3.632266
4.727199
4.787071
3.097262
2.118187
1.873147
1.873147
1.728502
1.783319
1.76076
1.685998
1.577442
1.509403
1.509403
1.438151
1.362541
1.346349
1.36868
1.36868
1.428063
1.498047
1.617523
1.749397
1.830256
1.910103
1.910103
1.998968
1.980218
1.909027
1.980254
2.129293
2.129293
2.375638
2.905972
3.473411
4.074686
4.074686
4.248437
3.27988
2.579772
2.161507
1.973484
1.887542
1.887542
1.761293
1.667543
1.603211
1.540676
1.519153
1.519153
1.493335
1.514897
1.549182
1.533711
1.533711
1.526631
1.525464
1.564937
1.619911
1.69278
1.776969
1.776969
1.855483
1.936893
1.962318
1.918262
1.966902
1.966902
2.182734
2.561079
3.091856
3.764863
3.764863
4.417875
5.060929
3.923679
2.527672
2.09596
2.09596
2.040453
1.962774
1.74077
1.456021
1.338159
1.312713
1.312713
1.365474
1.470237
1.582521
1.698808
1.698808
1.746703
1.748627
1.727563
1.741696
1.770761
1.85341
1.85341
2.032409
2.096532
2.017161
1.81655
1.81655
1.947407
1.947407
2.121297
2.405364
2.92372
2.92372
3.586334
4.679869
4.404584
3.639207
2.498681
2.076793
2.076793
1.797808
1.599091
1.4313
1.301356
1.310544
1.310544
1.441125
1.622967
1.687421
1.739523
1.756926
1.756926
1.715212
1.672486
1.53838
1.509298
1.678374
1.678374
1.924429
2.014845
1.928197
1.789444
1.775497
1.775497
1.855322
2.090703
2.340453
2.938058
3.675687
3.675687
4.582525
3.849884
2.773864
2.29653
1.940462
1.940462
1.602307
1.502956
1.507916
1.542054
1.552153
1.552153
1.506181
1.620427
1.627415
1.608207
1.608207
1.44928
1.44928
1.402347
1.413864
1.423858
1.452025
1.452025
1.477919
1.506405
1.531743
1.603616
1.686168
1.686168
1.937868
2.226793
2.481591
2.997582
3.717051
3.717051
4.095226
4.375509
2.945112
2.198622
1.966094
1.966094
1.890984
1.811132
1.678004
1.565567
1.442112
1.442112
1.433465
1.451073
1.414828
1.454257
1.454257
1.421315
1.405183
1.379505
1.402961
1.510363
1.643998
1.643998
1.822949
1.914922
2.046107
2.116638
2.034327
2.034327
2.01207
2.129607
2.288122
2.419348
2.601435
2.601435
2.587827
2.628702
2.203746
1.850472
1.668949
1.563647
1.563647
1.529756
1.554719
1.633921
1.661333
1.661333
1.673666
1.636659
1.580307
1.571793
1.605807
1.605807
1.636832
1.711132
1.742497
1.734862
1.780347
1.780347
1.865359
1.925968
2.016371
2.182484
2.32312
2.32312
2.408221
2.468814
2.589857
2.803392
2.95138
2.95138
3.05066
3.11659
3.17157
2.668312
2.127692
2.127692
1.765282
1.658026
1.597229
1.591158
1.633043
1.633043
1.703142
1.747787
1.751739
1.720198
1.629627
1.629627
1.563858
1.551705
1.556336
1.594478
1.678427
1.678427
1.829468
2.106757
2.377171
2.579525
2.579525
2.590382
2.546962
2.590726
2.744611
2.986092
3.416497
3.416497
3.513426
3.722444
2.970722
2.657608
2.369095
2.369095
1.974303
1.885341
1.882699
1.677602
1.578732
1.578732
1.677123
1.843759
1.9534
1.966756
1.93384
1.93384
1.804864
1.830978
1.940774
2.104276
2.254362
2.254362
2.354846
2.298481
2.059009
1.950806
2.041408
2.246956
2.246956
2.478473
2.899269
3.472507
4.062467
4.062467
3.54758
2.3587
1.955044
1.70468
1.432826
1.432826
1.226282
1.213832
1.24337
1.620501
2.486743
2.486743
3.080356
3.046745
2.997298
2.642709
1.7524
1.7524
1.153975
0.9411335
0.7436332
0.4826649
0.6571926
0.9757652
0.9757652
0.9928064
0.9286847
1.029024
1.290191
1.56417
1.56417
1.495177
1.311194
1.351528
1.925574
1.925574
2.963039
4.357133
5.232172
4.470028
3.851671
3.851671
3.078835
2.142825
1.280418
1.050412
1.176652
1.176652
1.366167
1.661763
1.971007
2.087556
1.792897
1.792897
1.484591
1.269656
0.9845637
0.682786
0.6094322
0.6094322
1.053833
1.700233
1.987855
1.798537
1.512268
1.512268
0.9692822
0.6522297
0.7737128
0.9869896
1.998822
1.998822
3.181301
4.682709
4.972749
3.791451
2.74556
2.74556
1.953215
1.50767
1.317063
1.423126
1.538522
1.538522
1.336736
1.374132
1.434014
1.158616
0.7445293
0.6296525
0.6296525
0.3793296
0.1101346
0.1843878
0.3236613
0.3236613
0.5136509
0.641457
1.014282
1.287023
1.150269
1.150269
0.5980604
0.5224335
0.6302398
0.6899936
1.194036
1.498765
1.498765
3.687668
5.440772
5.014822
4.454563
4.454563
3.511014
2.303317
1.827206
1.720638
1.554424
1.326214
1.326214
1.387896
1.402505
1.167534
0.7924444
0.5223099
0.5223099
0.3426506
0.2677441
0.2580999
0.5399017
0.5399017
0.7888761
0.9757307
1.217853
1.566672
1.624982
1.624982
1.42986
0.8408793
0.8013067
0.8816009
1.184771
2.359459
2.359459
4.268808
5.758874
5.705987
4.719801
4.719801
3.314428
2.23611
1.70859
1.683008
1.764259
1.764259
1.603454
1.228676
0.9945354
0.8056762
0.8419786
0.7510732
0.7510732
0.3786431
0.2944694
0.5913926
0.9270713
1.186538
1.186538
1.35811
1.483433
1.453565
1.339386
1.034447
1.034447
0.8920202
0.9767754
1.298865
2.282582
3.283493
3.283493
3.915988
4.738039
4.767757
4.367326
3.171955
3.171955
2.404659
2.093955
1.940134
2.01184
1.869052
1.869052
1.536869
1.253441
0.9381472
0.621526
0.5590979
0.5590979
0.5675098
0.8004963
1.004477
1.306843
1.306843
1.936501
1.936501
1.700467
1.295876
0.9422725
0.8184041
0.989355
0.989355
1.044863
1.680409
2.678077
3.963351
5.164767
5.164767
5.512856
5.050423
4.118094
2.845227
2.845227
2.077556
2.051354
2.003817
1.855935
1.611925
1.611925
1.421603
1.255947
0.9872401
0.7246711
0.5291229
0.5291229
0.716068
1.049584
1.313471
1.674729
1.674729
1.691711
1.691711
1.521819
0.9924722
0.6139815
0.8944526
0.8944526
0.8213938
0.869884
1.279427
2.863419
4.987055
4.987055
4.357468
2.799443
4.455516
4.860805
2.91071
2.91071
2.165763
2.018258
2.129391
2.180356
2.15148
2.15148
1.664492
1.308965
1.024215
0.8138416
0.6244624
0.6244624
0.5138577
0.8164841
1.053978
1.282247
1.655335
1.879213
1.879213
1.771847
1.383928
0.9886106
0.7455555
0.7455555
0.8574731
0.9277371
1.488181
2.257849
3.056082
3.056082
4.512066
4.917222
4.523804
3.676713
2.933082
2.383294
2.383294
2.19632
2.309607
2.189496
1.827295
1.827295
1.490656
1.296095
1.017099
0.9572754
0.7552562
0.7552562
0.566184
0.9058733
1.203805
1.354462
1.38273
1.476975
1.476975
1.50772
1.25082
0.9427316
0.7493747
0.7493747
1.002107
1.002107
1.268154
2.149147
4.578396
6.221751
4.815732
3.750334
3.750334
2.449887
2.091152
1.98328
1.876051
1.864637
1.864637
1.280416
0.9623168
0.7248897
0.5944592
0.5747767
0.8567777
1.150981
1.410943
1.84321
1.84321
1.799543
1.310627
1.22944
1.22944
1.22944
1.057803
0.8100985
0.8100985
0.5478135
0.3646987
0.2157548
0.2407316
0.2407316
0.2407316
0.2407316
0.2407316
1.264635
1.895457
2.020753
2.020753
1.917634
1.275963
0.8848113
0.740787
0.7976674
0.7976674
0.8657838
0.8544144
0.889365
0.8935063
0.8935063
0.8357577
0.8498554
0.8630409
0.7797154
0.7990112
0.911329
0.911329
1.075213
1.048396
0.9216428
0.7879512
0.9462349
1.085759
1.085759
1.195997
1.335954
1.433869
1.447674
1.447674
1.406512
1.330842
1.047411
0.8273714
0.8596954
0.8596954
0.9173418
0.9401863
0.9460195
1.006071
1.006071
1.166645
1.227183
1.323184
1.219552
1.121391
0.9676647
0.9676647
0.9732141
0.9198756
0.9939769
0.9635874
0.878943
0.878943
0.7573866
0.6766019
0.6861452
0.8585463
0.8585463
0.9981739
1.022609
0.9655039
1.030011
1.153966
1.153966
1.235267
1.158233
1.025839
0.9281737
0.8432559
0.804863
0.804863
1.009367
1.239471
1.433853
1.515892
1.515892
1.401544
1.137618
0.8797364
0.646404
0.5376898
0.4962771
0.4962771
0.5052418
0.5456033
0.6345688
0.8571904
1.093568
1.093568
1.399856
1.399856
1.250948
1.143584
1.143584
1.100365
1.035646
0.9352639
0.9089038
0.9786998
0.9786998
1.025588
0.9547448
0.852964
1.039877
1.21443
1.375898
1.477557
1.477557
1.274421
1.031727
0.8567861
0.7363759
0.8170897
0.8170897
0.9742246
1.075641
1.05584
0.9727675
0.9727675
0.963325
0.9983727
0.992432
0.9899851
1.004789
1.004789
1.025442
1.00443
1.011292
1.019146
1.019146
1.006578
0.9908038
0.9556026
0.9427982
0.9776375
1.038014
1.038014
1.03904
0.9876751
0.9451869
0.9851419
